 ---------------------------------------------------------------
 Surface and Strip Forces by surface

  Forces referred to Sref, Cref, Bref about Xref, Yref, Zref
 Standard axis orientation,  X fwd, Z down         

  Surface # 1     Asa Principal                           
     # Chordwise = 12   # Spanwise = 20     First strip =  1
     Surface area =   52.874416       Ave. chord =    3.215805
     CLsurf  =   0.60305     Clsurf  =  -0.12654
     CYsurf  =  -0.01115     Cmsurf  =  -0.14703
     CDsurf  =   0.02433     Cnsurf  =  -0.03080
     CDisurf =   0.02433     CDvsurf =   0.00000

  Forces referred to Ssurf, Cave about hinge axis thru LE
     CLsurf  =   1.20199     CDsurf  =   0.04854
     Deflect =

 Strip Forces referred to Strip Area, Chord
    j      Yle    Chord     Area     c cl      ai      cl_norm  cl       cd       cdv    cm_c/4    cm_LE  C.P.x/c
     1   0.0245   4.9426   0.4854   5.1792  -0.0199   1.0819   0.9166   0.6799   0.0000  -0.0689  -0.3030    0.325
     2   0.2199   4.9014   1.4323   4.6552  -0.0066   1.1042   0.9355   0.1701   0.0000  -0.0714  -0.2832    0.326
     3   0.6058   4.8199   2.3089   4.6167   0.0136   1.1240   0.9523   0.1340   0.0000  -0.0607  -0.2756    0.314
     4   1.1727   4.7002   3.0742   4.6526   0.0451   1.1697   0.9911   0.1090   0.0000  -0.0484  -0.2720    0.299
     5   1.9067   4.5452   3.6951   4.7679   0.0764   1.2481   1.0574   0.0850   0.0000  -0.0364  -0.2750    0.284
     6   2.7897   4.3587   4.1490   4.7836   0.0922   1.3155   1.1146   0.0535   0.0000  -0.0297  -0.2802    0.277
     7   3.7943   4.1466   4.3781   4.4891   0.0935   1.2948   1.0970   0.0634   0.0000  -0.0352  -0.2820    0.282
     8   4.8950   3.9142   4.4780   4.5732   0.0900   1.3984   1.1849   0.0644   0.0000  -0.0299  -0.2966    0.275
     9   6.0698   3.6661   4.4143   4.5434   0.0839   1.4916   1.2638   0.0385   0.0000  -0.0237  -0.3074    0.269
    10   7.2899   3.4085   4.2077   4.3646   0.0775   1.5452   1.3092   0.0255   0.0000  -0.0222  -0.3155    0.267
    11   8.5252   3.1476   3.8857   4.1170   0.0719   1.5803   1.3390   0.0187   0.0000  -0.0220  -0.3218    0.266
    12   9.7452   2.8900   3.4798   3.8553   0.0677   1.6147   1.3681   0.0086   0.0000  -0.0211  -0.3269    0.265
    13  10.9201   2.6419   3.0224   3.5585   0.0656   1.6323   1.3830   0.0016   0.0000  -0.0211  -0.3299    0.265
    14  12.1242   2.3876   3.0047   3.2218   0.0661   1.6387   1.3884  -0.0108   0.0000  -0.0212  -0.3307    0.265
    15  13.3154   2.1361   2.3974   2.8827   0.0728   1.6385   1.3883  -0.0095   0.0000  -0.0179  -0.3277    0.263
    16  14.3565   1.9163   1.8369   2.4772   0.0894   1.5731   1.3328  -0.0219   0.0000  -0.0144  -0.3116    0.261
    17  15.2219   1.7335   1.3369   2.0800   0.1194   1.4577   1.2351  -0.0115   0.0000   0.0015  -0.2758    0.249
    18  15.8292   1.6053   0.7271   1.5707   0.1568   1.1913   1.0094  -0.0189   0.0000   0.0226  -0.2057    0.228
    19  16.1941   1.5282   0.4223   0.9976   0.1875   0.7976   0.6758  -0.0227   0.0000   0.0331  -0.1211    0.201
    20  16.3788   1.4892   0.1383   0.3429   0.2030   0.2884   0.2444  -0.0336   0.0000   0.0166  -0.0383    0.182

  Surface # 2     Asa Principal (YDUP)                    
     # Chordwise = 12   # Spanwise = 20     First strip = 21
     Surface area =   52.874416       Ave. chord =    3.215805
     CLsurf  =   0.60306     Clsurf  =   0.12654
     CYsurf  =   0.01120     Cmsurf  =  -0.14706
     CDsurf  =   0.02443     Cnsurf  =   0.03077
     CDisurf =   0.02443     CDvsurf =   0.00000

  Forces referred to Ssurf, Cave about hinge axis thru LE
     CLsurf  =   1.20203     CDsurf  =   0.04875
     Deflect =

 Strip Forces referred to Strip Area, Chord
    j      Yle    Chord     Area     c cl      ai      cl_norm  cl       cd       cdv    cm_c/4    cm_LE  C.P.x/c
    21  -0.0245   4.9426   0.4854   5.1798  -0.0199   1.0820   0.9167   0.6800   0.0000  -0.0689   0.3030    0.325
    22  -0.2199   4.9014   1.4323   4.6552  -0.0066   1.1042   0.9356   0.1700   0.0000  -0.0714   0.2832    0.326
    23  -0.6058   4.8199   2.3089   4.6170   0.0136   1.1238   0.9522   0.1348   0.0000  -0.0607   0.2756    0.314
    24  -1.1727   4.7002   3.0742   4.6522   0.0451   1.1697   0.9911   0.1086   0.0000  -0.0484   0.2720    0.299
    25  -1.9067   4.5452   3.6951   4.7677   0.0764   1.2482   1.0576   0.0843   0.0000  -0.0364   0.2750    0.284
    26  -2.7897   4.3587   4.1490   4.7846   0.0922   1.3157   1.1148   0.0538   0.0000  -0.0297   0.2802    0.277
    27  -3.7943   4.1466   4.3781   4.4886   0.0935   1.2947   1.0969   0.0632   0.0000  -0.0352   0.2820    0.282
    28  -4.8950   3.9142   4.4780   4.5755   0.0900   1.3988   1.1851   0.0657   0.0000  -0.0299   0.2967    0.275
    29  -6.0698   3.6661   4.4143   4.5431   0.0839   1.4916   1.2638   0.0381   0.0000  -0.0237   0.3073    0.269
    30  -7.2899   3.4085   4.2077   4.3674   0.0775   1.5465   1.3103   0.0242   0.0000  -0.0220   0.3155    0.267
    31  -8.5252   3.1476   3.8857   4.1188   0.0719   1.5807   1.3393   0.0198   0.0000  -0.0222   0.3220    0.267
    32  -9.7452   2.8900   3.4798   3.8511   0.0677   1.6126   1.3663   0.0098   0.0000  -0.0214   0.3269    0.266
    33 -10.9201   2.6419   3.0224   3.5594   0.0656   1.6322   1.3829   0.0037   0.0000  -0.0210   0.3299    0.265
    34 -12.1242   2.3876   3.0047   3.2228   0.0661   1.6388   1.3885  -0.0093   0.0000  -0.0212   0.3307    0.265
    35 -13.3154   2.1361   2.3974   2.8830   0.0728   1.6383   1.3880  -0.0079   0.0000  -0.0178   0.3276    0.263
    36 -14.3565   1.9163   1.8369   2.4775   0.0894   1.5733   1.3330  -0.0219   0.0000  -0.0145   0.3117    0.261
    37 -15.2219   1.7335   1.3369   2.0793   0.1194   1.4585   1.2358  -0.0163   0.0000   0.0014   0.2758    0.249
    38 -15.8292   1.6053   0.7271   1.5695   0.1568   1.1910   1.0091  -0.0210   0.0000   0.0227   0.2055    0.228
    39 -16.1941   1.5282   0.4223   0.9976   0.1875   0.7980   0.6761  -0.0241   0.0000   0.0331   0.1211    0.201
    40 -16.3788   1.4892   0.1383   0.3429   0.2030   0.2885   0.2444  -0.0339   0.0000   0.0166   0.0383    0.182

  Surface # 3     Profundor                               
     # Chordwise = 12   # Spanwise = 20     First strip = 41
     Surface area =   16.118088       Ave. chord =    3.034850
     CLsurf  =  -0.01470     Clsurf  =   0.00086
     CYsurf  =  -0.00010     Cmsurf  =   0.06415
     CDsurf  =  -0.00126     Cnsurf  =   0.00018
     CDisurf =  -0.00126     CDvsurf =   0.00000

  Forces referred to Ssurf, Cave about hinge axis thru LE
     CLsurf  =  -0.09623     CDsurf  =  -0.00822
     Deflect =

 Strip Forces referred to Strip Area, Chord
    j      Yle    Chord     Area     c cl      ai      cl_norm  cl       cd       cdv    cm_c/4    cm_LE  C.P.x/c
    41   0.0082   4.3315   0.1416  -0.5344  -0.0087  -0.1594  -0.1314   0.0200   0.0000   0.0308   0.0526    0.485
    42   0.0734   4.2996   0.4182  -0.5356  -0.0074  -0.1517  -0.1250  -0.0124   0.0000   0.0310   0.0530    0.498
    43   0.2021   4.2365   0.6756  -0.5338  -0.0042  -0.1529  -0.1260  -0.0144   0.0000   0.0315   0.0537    0.500
    44   0.3913   4.1438   0.9022  -0.5217   0.0031  -0.1528  -0.1259  -0.0144   0.0000   0.0331   0.0551    0.513
    45   0.6362   4.0239   1.0890  -0.4934   0.0144  -0.1490  -0.1228  -0.0133   0.0000   0.0370   0.0578    0.551
    46   0.9309   3.8796   1.2293  -0.4512   0.0270  -0.1417  -0.1168  -0.0114   0.0000   0.0430   0.0615    0.618
    47   1.2680   3.7144   1.3197  -0.4034   0.0378  -0.1326  -0.1093  -0.0095   0.0000   0.0500   0.0658    0.707
    48   1.6393   3.5326   1.3600  -0.3573   0.0459  -0.1237  -0.1020  -0.0080   0.0000   0.0565   0.0698    0.804
    49   2.0356   3.3385   1.3527  -0.3163   0.0513  -0.1161  -0.0957  -0.0069   0.0000   0.0618   0.0730    0.896
    50   2.4472   3.1369   1.3031  -0.2810   0.0548  -0.1098  -0.0905  -0.0064   0.0000   0.0658   0.0753    0.977
    51   2.8638   2.9328   1.2183  -0.2505   0.0568  -0.1047  -0.0863  -0.0062   0.0000   0.0686   0.0768    1.045
    52   3.2754   2.7312   1.1066  -0.2241   0.0578  -0.1005  -0.0829  -0.0061   0.0000   0.0704   0.0776    1.099
    53   3.6717   2.5371   0.9767  -0.2008   0.0577  -0.0969  -0.0799  -0.0059   0.0000   0.0713   0.0778    1.143
    54   4.0430   2.3553   0.8368  -0.1797   0.0566  -0.0933  -0.0769  -0.0061   0.0000   0.0715   0.0773    1.179
    55   4.3801   2.1901   0.6940  -0.1597   0.0542  -0.0892  -0.0735  -0.0060   0.0000   0.0704   0.0757    1.209
    56   4.6748   2.0458   0.5536  -0.1394   0.0504  -0.0832  -0.0686  -0.0061   0.0000   0.0674   0.0721    1.234
    57   4.9197   1.9259   0.4193  -0.1165   0.0453  -0.0737  -0.0608  -0.0059   0.0000   0.0611   0.0651    1.255
    58   5.1089   1.8332   0.2923  -0.0890   0.0402  -0.0590  -0.0486  -0.0054   0.0000   0.0499   0.0530    1.276
    59   5.2376   1.7701   0.1722  -0.0562   0.0361  -0.0382  -0.0315  -0.0048   0.0000   0.0331   0.0351    1.302
    60   5.3028   1.7382   0.0568  -0.0193   0.0337  -0.0129  -0.0106  -0.0034   0.0000   0.0117   0.0123    1.351

  Surface # 4     Profundor (YDUP)                        
     # Chordwise = 12   # Spanwise = 20     First strip = 61
     Surface area =   16.118088       Ave. chord =    3.034850
     CLsurf  =  -0.01470     Clsurf  =  -0.00086
     CYsurf  =   0.00010     Cmsurf  =   0.06415
     CDsurf  =  -0.00126     Cnsurf  =  -0.00018
     CDisurf =  -0.00126     CDvsurf =   0.00000

  Forces referred to Ssurf, Cave about hinge axis thru LE
     CLsurf  =  -0.09623     CDsurf  =  -0.00823
     Deflect =

 Strip Forces referred to Strip Area, Chord
    j      Yle    Chord     Area     c cl      ai      cl_norm  cl       cd       cdv    cm_c/4    cm_LE  C.P.x/c
    61  -0.0082   4.3315   0.1416  -0.5344  -0.0087  -0.1594  -0.1314   0.0200   0.0000   0.0308  -0.0526    0.485
    62  -0.0734   4.2996   0.4182  -0.5356  -0.0074  -0.1517  -0.1250  -0.0124   0.0000   0.0310  -0.0530    0.498
    63  -0.2021   4.2365   0.6756  -0.5338  -0.0042  -0.1529  -0.1260  -0.0144   0.0000   0.0315  -0.0537    0.500
    64  -0.3913   4.1438   0.9022  -0.5217   0.0031  -0.1528  -0.1259  -0.0144   0.0000   0.0331  -0.0551    0.513
    65  -0.6362   4.0239   1.0890  -0.4934   0.0144  -0.1490  -0.1228  -0.0133   0.0000   0.0370  -0.0578    0.551
    66  -0.9309   3.8796   1.2293  -0.4512   0.0270  -0.1417  -0.1168  -0.0115   0.0000   0.0430  -0.0615    0.618
    67  -1.2680   3.7144   1.3197  -0.4034   0.0378  -0.1326  -0.1093  -0.0095   0.0000   0.0500  -0.0658    0.707
    68  -1.6393   3.5326   1.3600  -0.3573   0.0459  -0.1237  -0.1020  -0.0080   0.0000   0.0565  -0.0698    0.804
    69  -2.0356   3.3385   1.3527  -0.3163   0.0513  -0.1161  -0.0957  -0.0069   0.0000   0.0618  -0.0730    0.896
    70  -2.4472   3.1369   1.3031  -0.2810   0.0548  -0.1098  -0.0905  -0.0064   0.0000   0.0658  -0.0753    0.977
    71  -2.8638   2.9328   1.2183  -0.2505   0.0568  -0.1047  -0.0863  -0.0062   0.0000   0.0686  -0.0768    1.045
    72  -3.2754   2.7312   1.1066  -0.2241   0.0578  -0.1005  -0.0828  -0.0061   0.0000   0.0704  -0.0776    1.099
    73  -3.6717   2.5371   0.9767  -0.2008   0.0577  -0.0969  -0.0799  -0.0059   0.0000   0.0713  -0.0778    1.143
    74  -4.0430   2.3553   0.8368  -0.1797   0.0566  -0.0933  -0.0769  -0.0062   0.0000   0.0715  -0.0773    1.180
    75  -4.3801   2.1901   0.6940  -0.1597   0.0542  -0.0891  -0.0735  -0.0061   0.0000   0.0704  -0.0757    1.209
    76  -4.6748   2.0458   0.5536  -0.1394   0.0504  -0.0832  -0.0686  -0.0061   0.0000   0.0674  -0.0721    1.234
    77  -4.9197   1.9259   0.4193  -0.1165   0.0453  -0.0737  -0.0608  -0.0059   0.0000   0.0611  -0.0651    1.255
    78  -5.1089   1.8332   0.2923  -0.0890   0.0402  -0.0590  -0.0486  -0.0054   0.0000   0.0499  -0.0530    1.276
    79  -5.2376   1.7701   0.1722  -0.0562   0.0361  -0.0382  -0.0315  -0.0048   0.0000   0.0331  -0.0351    1.302
    80  -5.3028   1.7382   0.0568  -0.0193   0.0337  -0.0129  -0.0106  -0.0034   0.0000   0.0117  -0.0123    1.351

  Surface # 5     Leme                                    
     # Chordwise = 12   # Spanwise = 20     First strip = 81
     Surface area =   22.210484       Ave. chord =    4.712800
     CLsurf  =   0.00000     Clsurf  =   0.00000
     CYsurf  =   0.00000     Cmsurf  =  -0.00000
     CDsurf  =  -0.00000     Cnsurf  =  -0.00000
     CDisurf =  -0.00000     CDvsurf =   0.00000

  Forces referred to Ssurf, Cave about hinge axis thru LE
     CLsurf  =  -0.00000     CDsurf  =  -0.00000
     Deflect =

 Strip Forces referred to Strip Area, Chord
    j      Yle    Chord     Area     c cl      ai      cl_norm  cl       cd       cdv    cm_c/4    cm_LE  C.P.x/c
    81   0.0000   5.2348   0.1519  -0.0000   0.0000  -0.0000  -0.0000   0.0000   0.0000   0.0000   0.0000
    82   0.0000   5.2219   0.4508   0.0000  -0.0000   0.0000   0.0000   0.0000   0.0000   0.0000   0.0000
    83   0.0000   5.1965   0.7353  -0.0000   0.0000  -0.0000  -0.0000  -0.0000   0.0000   0.0000   0.0000
    84   0.0000   5.1592   0.9968  -0.0000  -0.0000  -0.0000  -0.0000   0.0000   0.0000   0.0000   0.0000
    85   0.0000   5.1109   1.2273  -0.0000   0.0000  -0.0000  -0.0000  -0.0000   0.0000   0.0000   0.0000
    86   0.0000   5.0529   1.4207  -0.0000   0.0000  -0.0000  -0.0000  -0.0000   0.0000   0.0000   0.0000    1.377
    87   0.0000   4.9864   1.5721  -0.0000   0.0000  -0.0000  -0.0000   0.0000   0.0000   0.0000   0.0000    1.389
    88   0.0000   4.9132   1.6784  -0.0000   0.0000  -0.0000  -0.0000   0.0000   0.0000   0.0000   0.0000    0.875
    89   0.0000   4.8350   1.7384  -0.0000   0.0000  -0.0000  -0.0000  -0.0000   0.0000   0.0000   0.0000    0.511
    90   0.0000   4.7539   1.7524  -0.0000   0.0000  -0.0000  -0.0000  -0.0000   0.0000  -0.0000  -0.0000   -0.248
    91   0.0000   4.6717   1.7221  -0.0000   0.0000  -0.0000  -0.0000   0.0000   0.0000  -0.0000   0.0000   -0.061
    92   0.0000   4.5906   1.6505  -0.0000  -0.0000  -0.0000  -0.0000  -0.0000   0.0000  -0.0000   0.0000   -0.070
    93   0.0000   4.5124   1.5415  -0.0000   0.0000  -0.0000  -0.0000   0.0000   0.0000  -0.0000   0.0000   -0.123
    94   0.0000   4.4392   1.3996  -0.0000   0.0000  -0.0000  -0.0000  -0.0000   0.0000  -0.0000  -0.0000   -0.794
    95   0.0000   4.3727   1.2295  -0.0000   0.0000  -0.0000  -0.0000  -0.0000   0.0000  -0.0000  -0.0000   -0.686
    96   0.0000   4.3147   1.0361  -0.0000   0.0000  -0.0000  -0.0000  -0.0000   0.0000  -0.0000  -0.0000
    97   0.0000   4.2664   0.8243   0.0000   0.0000   0.0000   0.0000   0.0000   0.0000  -0.0000  -0.0000
    98   0.0000   4.2291   0.5984   0.0000  -0.0000   0.0000   0.0000  -0.0000   0.0000  -0.0000  -0.0000
    99   0.0000   4.2037   0.3629   0.0000   0.0000   0.0000   0.0000   0.0000   0.0000  -0.0000  -0.0000
   100   0.0000   4.1908   0.1216  -0.0000  -0.0000  -0.0000  -0.0000  -0.0000   0.0000  -0.0000   0.0000    0.249

  Surface # 6     Nacelle                                 
     # Chordwise =  6   # Spanwise = 12     First strip =101
     Surface area =   12.516305       Ave. chord =    3.100000
     CLsurf  =   0.00826     Clsurf  =  -0.00147
     CYsurf  =   0.00480     Cmsurf  =   0.01062
     CDsurf  =  -0.00079     Cnsurf  =  -0.00002
     CDisurf =  -0.00079     CDvsurf =   0.00000

  Forces referred to Ssurf, Cave about hinge axis thru LE
     CLsurf  =  -0.00442     CDsurf  =  -0.00668
     Deflect =

 Strip Forces referred to Strip Area, Chord
    j      Yle    Chord     Area     c cl      ai      cl_norm  cl       cd       cdv    cm_c/4    cm_LE  C.P.x/c
   101   4.3625   3.1000   1.0431   0.5980   0.2291   0.2001   0.1994  -0.0074   0.0000   0.1173   0.0691   -0.338
   102   4.6439   3.1000   1.0430   0.5941   0.2480   0.1999   0.1947  -0.0028   0.0000   0.0887   0.0408   -0.205
   103   4.8064   3.1000   1.0431   0.4670   0.1731   0.1587   0.1510  -0.0018   0.0000   0.0446   0.0069   -0.045
   104   4.8064   3.1000   1.0431   0.2342   0.0277   0.0792   0.0754  -0.0049   0.0000   0.0038  -0.0151    0.200
   105   4.6439   3.1000   1.0430  -0.0282  -0.1153  -0.0105  -0.0102  -0.0058   0.0000  -0.0259  -0.0236
   106   4.3625   3.1000   1.0431  -0.2375  -0.2077  -0.0796  -0.0793  -0.0035   0.0000  -0.0419  -0.0228   -0.279
   107   4.0375   3.1000   1.0431  -0.3402  -0.2335  -0.1131  -0.1127  -0.0009   0.0000  -0.0432  -0.0158   -0.133
   108   3.7560   3.1000   1.0430  -0.3257  -0.1992  -0.1092  -0.1064   0.0006   0.0000  -0.0292  -0.0029   -0.024
   109   3.5935   3.1000   1.0431  -0.2188  -0.1244  -0.0742  -0.0707   0.0009   0.0000  -0.0005   0.0171    0.243
   110   3.5935   3.1000   1.0431  -0.0485  -0.0297  -0.0161  -0.0153  -0.0056   0.0000   0.0406   0.0445
   111   3.7560   3.1000   1.0430   0.1779   0.0690   0.0634   0.0617  -0.0212   0.0000   0.0861   0.0717
   112   4.0375   3.1000   1.0431   0.4440   0.1626   0.1536   0.1531  -0.0277   0.0000   0.1167   0.0809   -0.512

  Surface # 7     Nacelle (YDUP)                          
     # Chordwise =  6   # Spanwise = 12     First strip =113
     Surface area =   12.516305       Ave. chord =    3.100000
     CLsurf  =   0.00826     Clsurf  =   0.00147
     CYsurf  =  -0.00480     Cmsurf  =   0.01062
     CDsurf  =  -0.00079     Cnsurf  =   0.00002
     CDisurf =  -0.00079     CDvsurf =   0.00000

  Forces referred to Ssurf, Cave about hinge axis thru LE
     CLsurf  =  -0.00442     CDsurf  =  -0.00668
     Deflect =

 Strip Forces referred to Strip Area, Chord
    j      Yle    Chord     Area     c cl      ai      cl_norm  cl       cd       cdv    cm_c/4    cm_LE  C.P.x/c
   113  -4.3625   3.1000   1.0431   0.5979   0.2291   0.2001   0.1994  -0.0074   0.0000   0.1173  -0.0691   -0.338
   114  -4.6439   3.1000   1.0430   0.5941   0.2480   0.1999   0.1947  -0.0028   0.0000   0.0887  -0.0408   -0.205
   115  -4.8064   3.1000   1.0431   0.4670   0.1731   0.1587   0.1510  -0.0018   0.0000   0.0446  -0.0069   -0.045
   116  -4.8064   3.1000   1.0431   0.2342   0.0277   0.0792   0.0754  -0.0049   0.0000   0.0038   0.0151    0.200
   117  -4.6439   3.1000   1.0430  -0.0282  -0.1153  -0.0105  -0.0102  -0.0058   0.0000  -0.0259   0.0236
   118  -4.3625   3.1000   1.0431  -0.2375  -0.2077  -0.0796  -0.0793  -0.0035   0.0000  -0.0419   0.0228   -0.279
   119  -4.0375   3.1000   1.0431  -0.3402  -0.2335  -0.1131  -0.1127  -0.0009   0.0000  -0.0432   0.0158   -0.133
   120  -3.7560   3.1000   1.0430  -0.3257  -0.1992  -0.1092  -0.1064   0.0006   0.0000  -0.0292   0.0029   -0.024
   121  -3.5935   3.1000   1.0431  -0.2188  -0.1244  -0.0742  -0.0707   0.0009   0.0000  -0.0005  -0.0171    0.243
   122  -3.5935   3.1000   1.0431  -0.0485  -0.0297  -0.0161  -0.0153  -0.0056   0.0000   0.0406  -0.0445
   123  -3.7560   3.1000   1.0430   0.1779   0.0690   0.0634   0.0617  -0.0212   0.0000   0.0861  -0.0717
   124  -4.0375   3.1000   1.0431   0.4440   0.1626   0.1536   0.1531  -0.0277   0.0000   0.1167  -0.0809   -0.512
 ---------------------------------------------------------------
