 ---------------------------------------------------------------
 Surface and Strip Forces by surface

  Forces referred to Sref, Cref, Bref about Xref, Yref, Zref
 Standard axis orientation,  X fwd, Z down         

  Surface # 1     Asa Principal                           
     # Chordwise = 12   # Spanwise = 20     First strip =  1
     Surface area =   52.874416       Ave. chord =    3.215805
     CLsurf  =   0.60242     Clsurf  =  -0.12646
     CYsurf  =  -0.00998     Cmsurf  =  -0.14612
     CDsurf  =   0.02450     Cnsurf  =  -0.02942
     CDisurf =   0.02450     CDvsurf =   0.00000

  Forces referred to Ssurf, Cave about hinge axis thru LE
     CLsurf  =   1.20059     CDsurf  =   0.04888
     Deflect =

 Strip Forces referred to Strip Area, Chord
    j      Yle    Chord     Area     c cl      ai      cl_norm  cl       cd       cdv    cm_c/4    cm_LE  C.P.x/c
     1   0.0245   4.9426   0.4854   5.0321   0.0047   1.0894   0.9230   0.5237   0.0000  -0.0710  -0.2982    0.327
     2   0.2199   4.9014   1.4323   4.6412   0.0182   1.1063   0.9373   0.1497   0.0000  -0.0719  -0.2830    0.327
     3   0.6058   4.8199   2.3089   4.6172   0.0385   1.1279   0.9556   0.1201   0.0000  -0.0607  -0.2756    0.313
     4   1.1727   4.7002   3.0742   4.6612   0.0696   1.1752   0.9957   0.0969   0.0000  -0.0479  -0.2720    0.298
     5   1.9067   4.5452   3.6951   4.7658   0.0998   1.2511   1.0600   0.0713   0.0000  -0.0362  -0.2747    0.284
     6   2.7897   4.3587   4.1490   4.7887   0.1129   1.3175   1.1162   0.0510   0.0000  -0.0292  -0.2800    0.276
     7   3.7943   4.1466   4.3781   4.5074   0.1092   1.2998   1.1013   0.0639   0.0000  -0.0336  -0.2815    0.281
     8   4.8950   3.9142   4.4780   4.5695   0.0981   1.3969   1.1835   0.0653   0.0000  -0.0297  -0.2962    0.275
     9   6.0698   3.6661   4.4143   4.5361   0.0841   1.4884   1.2611   0.0405   0.0000  -0.0234  -0.3066    0.269
    10   7.2899   3.4085   4.2077   4.3547   0.0728   1.5412   1.3058   0.0264   0.0000  -0.0218  -0.3145    0.267
    11   8.5252   3.1476   3.8857   4.1054   0.0655   1.5738   1.3334   0.0252   0.0000  -0.0221  -0.3210    0.267
    12   9.7452   2.8900   3.4798   3.8384   0.0613   1.6052   1.3600   0.0164   0.0000  -0.0214  -0.3259    0.266
    13  10.9201   2.6419   3.0224   3.5471   0.0598   1.6239   1.3758   0.0122   0.0000  -0.0209  -0.3288    0.265
    14  12.1242   2.3876   3.0047   3.2254   0.0611   1.6351   1.3854   0.0076   0.0000  -0.0201  -0.3300    0.265
    15  13.3154   2.1361   2.3974   2.8750   0.0683   1.6303   1.3813   0.0032   0.0000  -0.0175  -0.3265    0.263
    16  14.3565   1.9163   1.8369   2.4994   0.0854   1.5813   1.3397  -0.0016   0.0000  -0.0116  -0.3116    0.259
    17  15.2219   1.7335   1.3369   2.0679   0.1159   1.4492   1.2278  -0.0124   0.0000   0.0007  -0.2749    0.249
    18  15.8292   1.6053   0.7271   1.5664   0.1534   1.1837   1.0029  -0.0039   0.0000   0.0224  -0.2054    0.228
    19  16.1941   1.5282   0.4223   0.9956   0.1843   0.7864   0.6663   0.0115   0.0000   0.0330  -0.1209    0.200
    20  16.3788   1.4892   0.1383   0.3423   0.1999   0.2819   0.2388  -0.0118   0.0000   0.0166  -0.0382    0.180

  Surface # 2     Asa Principal (YDUP)                    
     # Chordwise = 12   # Spanwise = 20     First strip = 21
     Surface area =   52.874416       Ave. chord =    3.215805
     CLsurf  =   0.60245     Clsurf  =   0.12647
     CYsurf  =   0.01004     Cmsurf  =  -0.14619
     CDsurf  =   0.02462     Cnsurf  =   0.02941
     CDisurf =   0.02462     CDvsurf =   0.00000

  Forces referred to Ssurf, Cave about hinge axis thru LE
     CLsurf  =   1.20065     CDsurf  =   0.04913
     Deflect =

 Strip Forces referred to Strip Area, Chord
    j      Yle    Chord     Area     c cl      ai      cl_norm  cl       cd       cdv    cm_c/4    cm_LE  C.P.x/c
    21  -0.0245   4.9426   0.4854   5.0319   0.0047   1.0894   0.9230   0.5237   0.0000  -0.0710   0.2981    0.327
    22  -0.2199   4.9014   1.4323   4.6415   0.0182   1.1062   0.9372   0.1505   0.0000  -0.0718   0.2830    0.327
    23  -0.6058   4.8199   2.3089   4.6172   0.0385   1.1279   0.9556   0.1201   0.0000  -0.0607   0.2756    0.313
    24  -1.1727   4.7002   3.0742   4.6611   0.0696   1.1752   0.9957   0.0969   0.0000  -0.0479   0.2720    0.298
    25  -1.9067   4.5452   3.6951   4.7665   0.0998   1.2513   1.0601   0.0715   0.0000  -0.0362   0.2747    0.284
    26  -2.7897   4.3587   4.1490   4.7895   0.1129   1.3174   1.1161   0.0521   0.0000  -0.0291   0.2800    0.276
    27  -3.7943   4.1466   4.3781   4.5079   0.1092   1.2996   1.1011   0.0651   0.0000  -0.0336   0.2815    0.281
    28  -4.8950   3.9142   4.4780   4.5707   0.0981   1.3967   1.1833   0.0674   0.0000  -0.0296   0.2962    0.275
    29  -6.0698   3.6661   4.4143   4.5349   0.0841   1.4888   1.2614   0.0375   0.0000  -0.0235   0.3066    0.269
    30  -7.2899   3.4085   4.2077   4.3552   0.0728   1.5412   1.3057   0.0271   0.0000  -0.0218   0.3145    0.267
    31  -8.5252   3.1476   3.8857   4.1054   0.0655   1.5738   1.3334   0.0252   0.0000  -0.0221   0.3210    0.267
    32  -9.7452   2.8900   3.4798   3.8385   0.0613   1.6053   1.3601   0.0162   0.0000  -0.0214   0.3259    0.266
    33 -10.9201   2.6419   3.0224   3.5471   0.0598   1.6239   1.3758   0.0123   0.0000  -0.0209   0.3288    0.265
    34 -12.1242   2.3876   3.0047   3.2286   0.0611   1.6365   1.3865   0.0084   0.0000  -0.0200   0.3302    0.264
    35 -13.3154   2.1361   2.3974   2.8749   0.0683   1.6303   1.3813   0.0032   0.0000  -0.0174   0.3265    0.263
    36 -14.3565   1.9163   1.8369   2.4993   0.0854   1.5811   1.3396  -0.0014   0.0000  -0.0116   0.3116    0.259
    37 -15.2219   1.7335   1.3369   2.0679   0.1159   1.4491   1.2278  -0.0121   0.0000   0.0007   0.2749    0.249
    38 -15.8292   1.6053   0.7271   1.5665   0.1534   1.1838   1.0029  -0.0039   0.0000   0.0223   0.2054    0.228
    39 -16.1941   1.5282   0.4223   0.9956   0.1843   0.7864   0.6663   0.0114   0.0000   0.0330   0.1209    0.200
    40 -16.3788   1.4892   0.1383   0.3423   0.1999   0.2819   0.2388  -0.0118   0.0000   0.0166   0.0382    0.180

  Surface # 3     Profundor                               
     # Chordwise = 12   # Spanwise = 20     First strip = 41
     Surface area =   16.118088       Ave. chord =    3.034850
     CLsurf  =   0.03595     Clsurf  =  -0.00275
     CYsurf  =  -0.00079     Cmsurf  =  -0.14347
     CDsurf  =   0.00423     Cnsurf  =  -0.00008
     CDisurf =   0.00423     CDvsurf =   0.00000

  Forces referred to Ssurf, Cave about hinge axis thru LE
     CLsurf  =   0.23529     CDsurf  =   0.02771
     Deflect =

 Strip Forces referred to Strip Area, Chord
    j      Yle    Chord     Area     c cl      ai      cl_norm  cl       cd       cdv    cm_c/4    cm_LE  C.P.x/c
    41   0.0082   4.3315   0.1416   0.6544   0.0379   0.1770   0.1459   0.0395   0.0000  -0.0392  -0.0657    0.518
    42   0.0734   4.2996   0.4182   0.6578   0.0412   0.1836   0.1513   0.0248   0.0000  -0.0393  -0.0662    0.510
    43   0.2021   4.2365   0.6756   0.6687   0.0466   0.1897   0.1563   0.0247   0.0000  -0.0388  -0.0668    0.498
    44   0.3913   4.1438   0.9022   0.6919   0.0564   0.2007   0.1654   0.0260   0.0000  -0.0369  -0.0671    0.473
    45   0.6362   4.0239   1.0890   0.7277   0.0702   0.2175   0.1792   0.0276   0.0000  -0.0327  -0.0665    0.432
    46   0.9309   3.8796   1.2293   0.7697   0.0848   0.2389   0.1969   0.0291   0.0000  -0.0264  -0.0649    0.384
    47   1.2680   3.7144   1.3197   0.8082   0.0970   0.2625   0.2163   0.0304   0.0000  -0.0193  -0.0629    0.339
    48   1.6393   3.5326   1.3600   0.8357   0.1058   0.2860   0.2357   0.0308   0.0000  -0.0128  -0.0614    0.304
    49   2.0356   3.3385   1.3527   0.8490   0.1117   0.3081   0.2539   0.0307   0.0000  -0.0075  -0.0607    0.280
    50   2.4472   3.1369   1.3031   0.8469   0.1156   0.3278   0.2702   0.0302   0.0000  -0.0034  -0.0605    0.263
    51   2.8638   2.9328   1.2183   0.8296   0.1183   0.3439   0.2834   0.0301   0.0000  -0.0002  -0.0605    0.251
    52   3.2754   2.7312   1.1066   0.7976   0.1205   0.3554   0.2929   0.0296   0.0000   0.0025  -0.0602    0.241
    53   3.6717   2.5371   0.9767   0.7514   0.1226   0.3609   0.2975   0.0285   0.0000   0.0051  -0.0588    0.233
    54   4.0430   2.3553   0.8368   0.6914   0.1250   0.3581   0.2951   0.0270   0.0000   0.0079  -0.0559    0.223
    55   4.3801   2.1901   0.6940   0.6176   0.1277   0.3442   0.2837   0.0252   0.0000   0.0110  -0.0508    0.211
    56   4.6748   2.0458   0.5536   0.5300   0.1305   0.3165   0.2608   0.0222   0.0000   0.0139  -0.0434    0.197
    57   4.9197   1.9259   0.4193   0.4292   0.1333   0.2726   0.2247   0.0178   0.0000   0.0160  -0.0339    0.179
    58   5.1089   1.8332   0.2923   0.3164   0.1356   0.2115   0.1743   0.0124   0.0000   0.0157  -0.0235    0.160
    59   5.2376   1.7701   0.1722   0.1940   0.1374   0.1349   0.1112   0.0059   0.0000   0.0116  -0.0135    0.145
    60   5.3028   1.7382   0.0568   0.0654   0.1385   0.0471   0.0389  -0.0010   0.0000   0.0043  -0.0044    0.140

  Surface # 4     Profundor (YDUP)                        
     # Chordwise = 12   # Spanwise = 20     First strip = 61
     Surface area =   16.118088       Ave. chord =    3.034850
     CLsurf  =   0.03595     Clsurf  =   0.00275
     CYsurf  =   0.00080     Cmsurf  =  -0.14346
     CDsurf  =   0.00424     Cnsurf  =   0.00008
     CDisurf =   0.00424     CDvsurf =   0.00000

  Forces referred to Ssurf, Cave about hinge axis thru LE
     CLsurf  =   0.23528     CDsurf  =   0.02772
     Deflect =

 Strip Forces referred to Strip Area, Chord
    j      Yle    Chord     Area     c cl      ai      cl_norm  cl       cd       cdv    cm_c/4    cm_LE  C.P.x/c
    61  -0.0082   4.3315   0.1416   0.6544   0.0379   0.1770   0.1459   0.0395   0.0000  -0.0392   0.0657    0.518
    62  -0.0734   4.2996   0.4182   0.6578   0.0412   0.1836   0.1513   0.0248   0.0000  -0.0393   0.0662    0.510
    63  -0.2021   4.2365   0.6756   0.6687   0.0466   0.1897   0.1563   0.0247   0.0000  -0.0388   0.0668    0.498
    64  -0.3913   4.1438   0.9022   0.6919   0.0564   0.2007   0.1654   0.0259   0.0000  -0.0369   0.0671    0.473
    65  -0.6362   4.0239   1.0890   0.7277   0.0702   0.2175   0.1792   0.0276   0.0000  -0.0327   0.0665    0.432
    66  -0.9309   3.8796   1.2293   0.7697   0.0848   0.2389   0.1969   0.0292   0.0000  -0.0264   0.0649    0.384
    67  -1.2680   3.7144   1.3197   0.8082   0.0970   0.2625   0.2163   0.0303   0.0000  -0.0193   0.0629    0.339
    68  -1.6393   3.5326   1.3600   0.8357   0.1058   0.2860   0.2357   0.0308   0.0000  -0.0128   0.0614    0.304
    69  -2.0356   3.3385   1.3527   0.8490   0.1117   0.3081   0.2539   0.0309   0.0000  -0.0075   0.0607    0.280
    70  -2.4472   3.1369   1.3031   0.8469   0.1156   0.3278   0.2702   0.0302   0.0000  -0.0034   0.0605    0.263
    71  -2.8638   2.9328   1.2183   0.8296   0.1183   0.3439   0.2834   0.0300   0.0000  -0.0002   0.0605    0.251
    72  -3.2754   2.7312   1.1066   0.7976   0.1205   0.3554   0.2929   0.0296   0.0000   0.0025   0.0602    0.241
    73  -3.6717   2.5371   0.9767   0.7514   0.1226   0.3609   0.2975   0.0285   0.0000   0.0051   0.0588    0.233
    74  -4.0430   2.3553   0.8368   0.6914   0.1250   0.3580   0.2950   0.0274   0.0000   0.0079   0.0559    0.223
    75  -4.3801   2.1901   0.6940   0.6176   0.1277   0.3442   0.2837   0.0250   0.0000   0.0110   0.0508    0.211
    76  -4.6748   2.0458   0.5536   0.5300   0.1305   0.3165   0.2608   0.0223   0.0000   0.0139   0.0434    0.197
    77  -4.9197   1.9259   0.4193   0.4292   0.1333   0.2725   0.2246   0.0179   0.0000   0.0160   0.0339    0.179
    78  -5.1089   1.8332   0.2923   0.3164   0.1356   0.2115   0.1743   0.0124   0.0000   0.0157   0.0235    0.160
    79  -5.2376   1.7701   0.1722   0.1940   0.1374   0.1349   0.1112   0.0059   0.0000   0.0116   0.0135    0.145
    80  -5.3028   1.7382   0.0568   0.0654   0.1385   0.0472   0.0389  -0.0010   0.0000   0.0043   0.0044    0.140

  Surface # 5     Leme                                    
     # Chordwise = 12   # Spanwise = 20     First strip = 81
     Surface area =   22.210484       Ave. chord =    4.712800
     CLsurf  =   0.00000     Clsurf  =  -0.00000
     CYsurf  =  -0.00000     Cmsurf  =  -0.00000
     CDsurf  =  -0.00000     Cnsurf  =   0.00000
     CDisurf =  -0.00000     CDvsurf =   0.00000

  Forces referred to Ssurf, Cave about hinge axis thru LE
     CLsurf  =   0.00000     CDsurf  =  -0.00000
     Deflect =

 Strip Forces referred to Strip Area, Chord
    j      Yle    Chord     Area     c cl      ai      cl_norm  cl       cd       cdv    cm_c/4    cm_LE  C.P.x/c
    81   0.0000   5.2348   0.1519   0.0000   0.0000   0.0000   0.0000   0.0000   0.0000   0.0000   0.0000
    82   0.0000   5.2219   0.4508   0.0000  -0.0000   0.0000   0.0000   0.0000   0.0000   0.0000   0.0000   -0.693
    83   0.0000   5.1965   0.7353   0.0000   0.0000   0.0000   0.0000  -0.0000   0.0000   0.0000   0.0000   -0.584
    84   0.0000   5.1592   0.9968   0.0000  -0.0000   0.0000   0.0000  -0.0000   0.0000   0.0000   0.0000   -0.976
    85   0.0000   5.1109   1.2273   0.0000   0.0000   0.0000   0.0000  -0.0000   0.0000   0.0000   0.0000
    86   0.0000   5.0529   1.4207   0.0000   0.0000   0.0000   0.0000   0.0000   0.0000   0.0000   0.0000
    87   0.0000   4.9864   1.5721   0.0000   0.0000   0.0000   0.0000   0.0000   0.0000   0.0000   0.0000
    88   0.0000   4.9132   1.6784   0.0000   0.0000   0.0000   0.0000  -0.0000   0.0000   0.0000   0.0000
    89   0.0000   4.8350   1.7384   0.0000   0.0000   0.0000   0.0000  -0.0000   0.0000   0.0000   0.0000
    90   0.0000   4.7539   1.7524   0.0000   0.0000   0.0000   0.0000  -0.0000   0.0000  -0.0000  -0.0000    0.319
    91   0.0000   4.6717   1.7221   0.0000   0.0000   0.0000   0.0000  -0.0000   0.0000   0.0000   0.0000
    92   0.0000   4.5906   1.6505   0.0000   0.0000   0.0000   0.0000  -0.0000   0.0000  -0.0000  -0.0000    1.254
    93   0.0000   4.5124   1.5415   0.0000   0.0000   0.0000   0.0000   0.0000   0.0000  -0.0000  -0.0000    1.237
    94   0.0000   4.4392   1.3996   0.0000   0.0000   0.0000   0.0000   0.0000   0.0000  -0.0000  -0.0000
    95   0.0000   4.3727   1.2295   0.0000   0.0000   0.0000   0.0000   0.0000   0.0000  -0.0000  -0.0000    1.403
    96   0.0000   4.3147   1.0361   0.0000   0.0000   0.0000   0.0000  -0.0000   0.0000  -0.0000  -0.0000    1.205
    97   0.0000   4.2664   0.8243   0.0000   0.0000   0.0000   0.0000   0.0000   0.0000  -0.0000  -0.0000    0.605
    98   0.0000   4.2291   0.5984   0.0000  -0.0000   0.0000   0.0000  -0.0000   0.0000  -0.0000  -0.0000    0.525
    99   0.0000   4.2037   0.3629   0.0000  -0.0000   0.0000   0.0000  -0.0000   0.0000   0.0000   0.0000
   100   0.0000   4.1908   0.1216  -0.0000  -0.0000  -0.0000  -0.0000  -0.0000   0.0000   0.0000   0.0000

  Surface # 6     Nacelle                                 
     # Chordwise =  6   # Spanwise = 12     First strip =101
     Surface area =   12.516305       Ave. chord =    3.100000
     CLsurf  =   0.00818     Clsurf  =  -0.00145
     CYsurf  =   0.00485     Cmsurf  =   0.01082
     CDsurf  =  -0.00122     Cnsurf  =  -0.00007
     CDisurf =  -0.00122     CDvsurf =   0.00000

  Forces referred to Ssurf, Cave about hinge axis thru LE
     CLsurf  =  -0.00509     CDsurf  =  -0.01028
     Deflect =

 Strip Forces referred to Strip Area, Chord
    j      Yle    Chord     Area     c cl      ai      cl_norm  cl       cd       cdv    cm_c/4    cm_LE  C.P.x/c
   101   4.3625   3.1000   1.0431   0.5876   0.2337   0.2003   0.1997  -0.0240   0.0000   0.1205   0.0731   -0.354
   102   4.6439   3.1000   1.0430   0.5927   0.2410   0.2010   0.1959  -0.0127   0.0000   0.0906   0.0428   -0.213
   103   4.8064   3.1000   1.0431   0.4662   0.1589   0.1586   0.1510  -0.0047   0.0000   0.0454   0.0078   -0.051
   104   4.8064   3.1000   1.0431   0.2368   0.0113   0.0801   0.0763  -0.0045   0.0000   0.0038  -0.0153    0.200
   105   4.6439   3.1000   1.0430  -0.0217  -0.1305  -0.0083  -0.0080  -0.0057   0.0000  -0.0262  -0.0244
   106   4.3625   3.1000   1.0431  -0.2291  -0.2193  -0.0770  -0.0768  -0.0045   0.0000  -0.0423  -0.0238   -0.300
   107   4.0375   3.1000   1.0431  -0.3328  -0.2395  -0.1110  -0.1106  -0.0025   0.0000  -0.0434  -0.0165   -0.142
   108   3.7560   3.1000   1.0430  -0.3218  -0.1979  -0.1081  -0.1053  -0.0006   0.0000  -0.0292  -0.0032   -0.027
   109   3.5935   3.1000   1.0431  -0.2199  -0.1144  -0.0746  -0.0710   0.0010   0.0000  -0.0002   0.0176    0.247
   110   3.5935   3.1000   1.0431  -0.0545  -0.0120  -0.0182  -0.0173  -0.0044   0.0000   0.0412   0.0456
   111   3.7560   3.1000   1.0430   0.1713   0.0898   0.0615   0.0599  -0.0235   0.0000   0.0873   0.0735
   112   4.0375   3.1000   1.0431   0.4306   0.1785   0.1513   0.1508  -0.0374   0.0000   0.1195   0.0848   -0.542

  Surface # 7     Nacelle (YDUP)                          
     # Chordwise =  6   # Spanwise = 12     First strip =113
     Surface area =   12.516305       Ave. chord =    3.100000
     CLsurf  =   0.00818     Clsurf  =   0.00145
     CYsurf  =  -0.00485     Cmsurf  =   0.01082
     CDsurf  =  -0.00122     Cnsurf  =   0.00007
     CDisurf =  -0.00122     CDvsurf =   0.00000

  Forces referred to Ssurf, Cave about hinge axis thru LE
     CLsurf  =  -0.00509     CDsurf  =  -0.01028
     Deflect =

 Strip Forces referred to Strip Area, Chord
    j      Yle    Chord     Area     c cl      ai      cl_norm  cl       cd       cdv    cm_c/4    cm_LE  C.P.x/c
   113  -4.3625   3.1000   1.0431   0.5876   0.2337   0.2003   0.1997  -0.0240   0.0000   0.1205  -0.0731   -0.354
   114  -4.6439   3.1000   1.0430   0.5927   0.2410   0.2010   0.1959  -0.0127   0.0000   0.0906  -0.0428   -0.213
   115  -4.8064   3.1000   1.0431   0.4662   0.1589   0.1586   0.1510  -0.0047   0.0000   0.0454  -0.0078   -0.051
   116  -4.8064   3.1000   1.0431   0.2368   0.0113   0.0801   0.0763  -0.0045   0.0000   0.0038   0.0153    0.200
   117  -4.6439   3.1000   1.0430  -0.0217  -0.1305  -0.0083  -0.0080  -0.0057   0.0000  -0.0262   0.0244
   118  -4.3625   3.1000   1.0431  -0.2291  -0.2193  -0.0770  -0.0768  -0.0045   0.0000  -0.0423   0.0238   -0.300
   119  -4.0375   3.1000   1.0431  -0.3328  -0.2395  -0.1110  -0.1106  -0.0025   0.0000  -0.0434   0.0165   -0.142
   120  -3.7560   3.1000   1.0430  -0.3218  -0.1979  -0.1081  -0.1053  -0.0006   0.0000  -0.0292   0.0032   -0.027
   121  -3.5935   3.1000   1.0431  -0.2199  -0.1144  -0.0746  -0.0710   0.0010   0.0000  -0.0002  -0.0176    0.247
   122  -3.5935   3.1000   1.0431  -0.0545  -0.0120  -0.0182  -0.0173  -0.0044   0.0000   0.0412  -0.0456
   123  -3.7560   3.1000   1.0430   0.1713   0.0898   0.0615   0.0599  -0.0235   0.0000   0.0873  -0.0735
   124  -4.0375   3.1000   1.0431   0.4306   0.1785   0.1513   0.1508  -0.0374   0.0000   0.1195  -0.0848   -0.542
 ---------------------------------------------------------------
