 ---------------------------------------------------------------
 Surface and Strip Forces by surface

  Forces referred to Sref, Cref, Bref about Xref, Yref, Zref
 Standard axis orientation,  X fwd, Z down         

  Surface # 1     Asa Principal                           
     # Chordwise = 12   # Spanwise = 20     First strip =  1
     Surface area =   52.874416       Ave. chord =    3.215805
     CLsurf  =   0.60419     Clsurf  =  -0.12682
     CYsurf  =  -0.00991     Cmsurf  =  -0.19368
     CDsurf  =   0.02469     Cnsurf  =  -0.02953
     CDisurf =   0.02469     CDvsurf =   0.00000

  Forces referred to Ssurf, Cave about hinge axis thru LE
     CLsurf  =   1.20410     CDsurf  =   0.04927
     Deflect =

 Strip Forces referred to Strip Area, Chord
    j      Yle    Chord     Area     c cl      ai      cl_norm  cl       cd       cdv    cm_c/4    cm_LE  C.P.x/c
     1   0.0245   4.9426   0.4854   5.0477   0.0024   1.0919   0.9252   0.5271   0.0000  -0.0710  -0.2990    0.327
     2   0.2199   4.9014   1.4323   4.6543   0.0159   1.1093   0.9399   0.1507   0.0000  -0.0719  -0.2837    0.327
     3   0.6058   4.8199   2.3089   4.6300   0.0362   1.1310   0.9582   0.1209   0.0000  -0.0607  -0.2763    0.313
     4   1.1727   4.7002   3.0742   4.6739   0.0675   1.1784   0.9984   0.0975   0.0000  -0.0479  -0.2727    0.298
     5   1.9067   4.5452   3.6951   4.7788   0.0979   1.2546   1.0630   0.0718   0.0000  -0.0362  -0.2754    0.284
     6   2.7897   4.3587   4.1490   4.8017   0.1112   1.3212   1.1194   0.0514   0.0000  -0.0291  -0.2807    0.276
     7   3.7943   4.1466   4.3781   4.5191   0.1080   1.3033   1.1042   0.0643   0.0000  -0.0336  -0.2822    0.280
     8   4.8950   3.9142   4.4780   4.5824   0.0976   1.4009   1.1870   0.0658   0.0000  -0.0297  -0.2969    0.275
     9   6.0698   3.6661   4.4143   4.5491   0.0844   1.4929   1.2649   0.0409   0.0000  -0.0234  -0.3074    0.268
    10   7.2899   3.4085   4.2077   4.3672   0.0735   1.5458   1.3097   0.0267   0.0000  -0.0218  -0.3153    0.267
    11   8.5252   3.1476   3.8857   4.1171   0.0663   1.5785   1.3374   0.0255   0.0000  -0.0220  -0.3218    0.266
    12   9.7452   2.8900   3.4798   3.8493   0.0621   1.6100   1.3641   0.0166   0.0000  -0.0214  -0.3268    0.266
    13  10.9201   2.6419   3.0224   3.5572   0.0606   1.6287   1.3800   0.0124   0.0000  -0.0208  -0.3296    0.265
    14  12.1242   2.3876   3.0047   3.2346   0.0617   1.6400   1.3896   0.0078   0.0000  -0.0200  -0.3308    0.264
    15  13.3154   2.1361   2.3974   2.8832   0.0690   1.6352   1.3855   0.0033   0.0000  -0.0174  -0.3273    0.263
    16  14.3565   1.9163   1.8369   2.5066   0.0861   1.5861   1.3438  -0.0015   0.0000  -0.0115  -0.3125    0.259
    17  15.2219   1.7335   1.3369   2.0738   0.1166   1.4536   1.2316  -0.0124   0.0000   0.0008  -0.2757    0.249
    18  15.8292   1.6053   0.7271   1.5709   0.1542   1.1873   1.0060  -0.0039   0.0000   0.0225  -0.2059    0.228
    19  16.1941   1.5282   0.4223   0.9985   0.1851   0.7887   0.6683   0.0116   0.0000   0.0332  -0.1212    0.200
    20  16.3788   1.4892   0.1383   0.3433   0.2007   0.2827   0.2395  -0.0119   0.0000   0.0167  -0.0383    0.180

  Surface # 2     Asa Principal (YDUP)                    
     # Chordwise = 12   # Spanwise = 20     First strip = 21
     Surface area =   52.874416       Ave. chord =    3.215805
     CLsurf  =   0.60422     Clsurf  =   0.12683
     CYsurf  =   0.00997     Cmsurf  =  -0.19376
     CDsurf  =   0.02482     Cnsurf  =   0.02952
     CDisurf =   0.02482     CDvsurf =   0.00000

  Forces referred to Ssurf, Cave about hinge axis thru LE
     CLsurf  =   1.20416     CDsurf  =   0.04952
     Deflect =

 Strip Forces referred to Strip Area, Chord
    j      Yle    Chord     Area     c cl      ai      cl_norm  cl       cd       cdv    cm_c/4    cm_LE  C.P.x/c
    21  -0.0245   4.9426   0.4854   5.0475   0.0024   1.0919   0.9251   0.5270   0.0000  -0.0710   0.2989    0.327
    22  -0.2199   4.9014   1.4323   4.6546   0.0159   1.1092   0.9398   0.1515   0.0000  -0.0719   0.2837    0.327
    23  -0.6058   4.8199   2.3089   4.6300   0.0362   1.1309   0.9582   0.1209   0.0000  -0.0607   0.2763    0.313
    24  -1.1727   4.7002   3.0742   4.6738   0.0675   1.1784   0.9984   0.0975   0.0000  -0.0479   0.2727    0.298
    25  -1.9067   4.5452   3.6951   4.7795   0.0979   1.2548   1.0631   0.0720   0.0000  -0.0362   0.2754    0.284
    26  -2.7897   4.3587   4.1490   4.8025   0.1112   1.3211   1.1193   0.0525   0.0000  -0.0291   0.2807    0.276
    27  -3.7943   4.1466   4.3781   4.5196   0.1080   1.3031   1.1041   0.0655   0.0000  -0.0336   0.2822    0.280
    28  -4.8950   3.9142   4.4780   4.5836   0.0976   1.4007   1.1868   0.0679   0.0000  -0.0296   0.2969    0.275
    29  -6.0698   3.6661   4.4143   4.5479   0.0844   1.4933   1.2652   0.0379   0.0000  -0.0234   0.3074    0.269
    30  -7.2899   3.4085   4.2077   4.3677   0.0735   1.5458   1.3097   0.0274   0.0000  -0.0217   0.3153    0.267
    31  -8.5252   3.1476   3.8857   4.1171   0.0663   1.5785   1.3374   0.0255   0.0000  -0.0220   0.3218    0.266
    32  -9.7452   2.8900   3.4798   3.8495   0.0621   1.6101   1.3642   0.0164   0.0000  -0.0214   0.3268    0.266
    33 -10.9201   2.6419   3.0224   3.5572   0.0606   1.6287   1.3800   0.0125   0.0000  -0.0208   0.3296    0.265
    34 -12.1242   2.3876   3.0047   3.2378   0.0617   1.6414   1.3907   0.0086   0.0000  -0.0200   0.3311    0.264
    35 -13.3154   2.1361   2.3974   2.8831   0.0690   1.6352   1.3854   0.0034   0.0000  -0.0174   0.3273    0.263
    36 -14.3565   1.9163   1.8369   2.5065   0.0861   1.5859   1.3437  -0.0013   0.0000  -0.0115   0.3124    0.259
    37 -15.2219   1.7335   1.3369   2.0738   0.1166   1.4535   1.2315  -0.0121   0.0000   0.0008   0.2757    0.249
    38 -15.8292   1.6053   0.7271   1.5709   0.1542   1.1873   1.0060  -0.0039   0.0000   0.0225   0.2059    0.228
    39 -16.1941   1.5282   0.4223   0.9985   0.1851   0.7888   0.6683   0.0116   0.0000   0.0332   0.1212    0.200
    40 -16.3788   1.4892   0.1383   0.3433   0.2007   0.2827   0.2395  -0.0119   0.0000   0.0167   0.0383    0.180

  Surface # 3     Profundor                               
     # Chordwise = 12   # Spanwise = 20     First strip = 41
     Surface area =   16.118088       Ave. chord =    3.034850
     CLsurf  =   0.03115     Clsurf  =  -0.00240
     CYsurf  =  -0.00063     Cmsurf  =  -0.12721
     CDsurf  =   0.00355     Cnsurf  =  -0.00009
     CDisurf =   0.00355     CDvsurf =   0.00000

  Forces referred to Ssurf, Cave about hinge axis thru LE
     CLsurf  =   0.20389     CDsurf  =   0.02327
     Deflect =

 Strip Forces referred to Strip Area, Chord
    j      Yle    Chord     Area     c cl      ai      cl_norm  cl       cd       cdv    cm_c/4    cm_LE  C.P.x/c
    41   0.0082   4.3315   0.1416   0.5393   0.0332   0.1472   0.1213   0.0281   0.0000  -0.0386  -0.0596    0.569
    42   0.0734   4.2996   0.4182   0.5422   0.0364   0.1517   0.1250   0.0192   0.0000  -0.0388  -0.0600    0.560
    43   0.2021   4.2365   0.6756   0.5522   0.0418   0.1569   0.1293   0.0194   0.0000  -0.0385  -0.0607    0.548
    44   0.3913   4.1438   0.9022   0.5742   0.0514   0.1668   0.1375   0.0205   0.0000  -0.0367  -0.0609    0.517
    45   0.6362   4.0239   1.0890   0.6092   0.0651   0.1823   0.1503   0.0222   0.0000  -0.0328  -0.0603    0.468
    46   0.9309   3.8796   1.2293   0.6514   0.0796   0.2024   0.1669   0.0238   0.0000  -0.0267  -0.0586    0.410
    47   1.2680   3.7144   1.3197   0.6910   0.0917   0.2246   0.1852   0.0252   0.0000  -0.0197  -0.0565    0.356
    48   1.6393   3.5326   1.3600   0.7208   0.1004   0.2469   0.2035   0.0259   0.0000  -0.0133  -0.0549    0.315
    49   2.0356   3.3385   1.3527   0.7371   0.1062   0.2677   0.2206   0.0261   0.0000  -0.0080  -0.0539    0.286
    50   2.4472   3.1369   1.3031   0.7390   0.1100   0.2861   0.2359   0.0259   0.0000  -0.0039  -0.0536    0.267
    51   2.8638   2.9328   1.2183   0.7266   0.1126   0.3013   0.2484   0.0259   0.0000  -0.0008  -0.0536    0.253
    52   3.2754   2.7312   1.1066   0.7005   0.1147   0.3123   0.2574   0.0255   0.0000   0.0018  -0.0532    0.243
    53   3.6717   2.5371   0.9767   0.6613   0.1166   0.3178   0.2619   0.0247   0.0000   0.0042  -0.0520    0.234
    54   4.0430   2.3553   0.8368   0.6095   0.1188   0.3158   0.2603   0.0235   0.0000   0.0068  -0.0495    0.224
    55   4.3801   2.1901   0.6940   0.5451   0.1212   0.3039   0.2505   0.0220   0.0000   0.0095  -0.0450    0.212
    56   4.6748   2.0458   0.5536   0.4682   0.1237   0.2796   0.2305   0.0194   0.0000   0.0122  -0.0384    0.197
    57   4.9197   1.9259   0.4193   0.3794   0.1261   0.2410   0.1987   0.0157   0.0000   0.0140  -0.0301    0.179
    58   5.1089   1.8332   0.2923   0.2799   0.1282   0.1870   0.1542   0.0111   0.0000   0.0138  -0.0208    0.161
    59   5.2376   1.7701   0.1722   0.1717   0.1298   0.1193   0.0983   0.0055   0.0000   0.0103  -0.0119    0.146
    60   5.3028   1.7382   0.0568   0.0579   0.1308   0.0416   0.0343  -0.0004   0.0000   0.0038  -0.0039    0.141

  Surface # 4     Profundor (YDUP)                        
     # Chordwise = 12   # Spanwise = 20     First strip = 61
     Surface area =   16.118088       Ave. chord =    3.034850
     CLsurf  =   0.03115     Clsurf  =   0.00241
     CYsurf  =   0.00063     Cmsurf  =  -0.12721
     CDsurf  =   0.00356     Cnsurf  =   0.00009
     CDisurf =   0.00356     CDvsurf =   0.00000

  Forces referred to Ssurf, Cave about hinge axis thru LE
     CLsurf  =   0.20389     CDsurf  =   0.02328
     Deflect =

 Strip Forces referred to Strip Area, Chord
    j      Yle    Chord     Area     c cl      ai      cl_norm  cl       cd       cdv    cm_c/4    cm_LE  C.P.x/c
    61  -0.0082   4.3315   0.1416   0.5393   0.0332   0.1472   0.1213   0.0281   0.0000  -0.0386   0.0596    0.569
    62  -0.0734   4.2996   0.4182   0.5422   0.0364   0.1517   0.1250   0.0192   0.0000  -0.0388   0.0600    0.560
    63  -0.2021   4.2365   0.6756   0.5522   0.0418   0.1569   0.1293   0.0194   0.0000  -0.0385   0.0607    0.548
    64  -0.3913   4.1438   0.9022   0.5742   0.0514   0.1668   0.1375   0.0205   0.0000  -0.0367   0.0609    0.517
    65  -0.6362   4.0239   1.0890   0.6092   0.0651   0.1824   0.1503   0.0222   0.0000  -0.0328   0.0603    0.468
    66  -0.9309   3.8796   1.2293   0.6514   0.0796   0.2024   0.1669   0.0238   0.0000  -0.0267   0.0586    0.410
    67  -1.2680   3.7144   1.3197   0.6910   0.0917   0.2246   0.1852   0.0252   0.0000  -0.0197   0.0565    0.356
    68  -1.6393   3.5326   1.3600   0.7208   0.1004   0.2469   0.2035   0.0259   0.0000  -0.0133   0.0549    0.315
    69  -2.0356   3.3385   1.3527   0.7371   0.1062   0.2677   0.2206   0.0262   0.0000  -0.0080   0.0539    0.286
    70  -2.4472   3.1369   1.3031   0.7390   0.1100   0.2861   0.2359   0.0260   0.0000  -0.0039   0.0536    0.267
    71  -2.8638   2.9328   1.2183   0.7266   0.1126   0.3013   0.2484   0.0258   0.0000  -0.0008   0.0536    0.253
    72  -3.2754   2.7312   1.1066   0.7005   0.1147   0.3123   0.2574   0.0255   0.0000   0.0018   0.0532    0.243
    73  -3.6717   2.5371   0.9767   0.6613   0.1166   0.3178   0.2619   0.0247   0.0000   0.0042   0.0520    0.234
    74  -4.0430   2.3553   0.8368   0.6095   0.1188   0.3157   0.2602   0.0238   0.0000   0.0068   0.0495    0.224
    75  -4.3801   2.1901   0.6940   0.5451   0.1212   0.3039   0.2505   0.0219   0.0000   0.0095   0.0450    0.212
    76  -4.6748   2.0458   0.5536   0.4682   0.1237   0.2796   0.2305   0.0194   0.0000   0.0122   0.0384    0.197
    77  -4.9197   1.9259   0.4193   0.3794   0.1261   0.2410   0.1986   0.0158   0.0000   0.0140   0.0301    0.179
    78  -5.1089   1.8332   0.2923   0.2799   0.1282   0.1870   0.1542   0.0111   0.0000   0.0138   0.0208    0.161
    79  -5.2376   1.7701   0.1722   0.1717   0.1298   0.1193   0.0983   0.0055   0.0000   0.0103   0.0119    0.146
    80  -5.3028   1.7382   0.0568   0.0579   0.1308   0.0416   0.0343  -0.0005   0.0000   0.0038   0.0039    0.141

  Surface # 5     Leme                                    
     # Chordwise = 12   # Spanwise = 20     First strip = 81
     Surface area =   22.210484       Ave. chord =    4.712800
     CLsurf  =   0.00000     Clsurf  =  -0.00000
     CYsurf  =  -0.00000     Cmsurf  =  -0.00000
     CDsurf  =  -0.00000     Cnsurf  =   0.00000
     CDisurf =  -0.00000     CDvsurf =   0.00000

  Forces referred to Ssurf, Cave about hinge axis thru LE
     CLsurf  =   0.00000     CDsurf  =  -0.00000
     Deflect =

 Strip Forces referred to Strip Area, Chord
    j      Yle    Chord     Area     c cl      ai      cl_norm  cl       cd       cdv    cm_c/4    cm_LE  C.P.x/c
    81   0.0000   5.2348   0.1519   0.0000   0.0000   0.0000   0.0000   0.0000   0.0000   0.0000   0.0000
    82   0.0000   5.2219   0.4508   0.0000  -0.0000   0.0000   0.0000   0.0000   0.0000   0.0000   0.0000   -0.732
    83   0.0000   5.1965   0.7353   0.0000  -0.0000   0.0000   0.0000  -0.0000   0.0000   0.0000   0.0000   -0.643
    84   0.0000   5.1592   0.9968   0.0000  -0.0000   0.0000   0.0000  -0.0000   0.0000   0.0000   0.0000
    85   0.0000   5.1109   1.2273   0.0000   0.0000   0.0000   0.0000  -0.0000   0.0000   0.0000   0.0000
    86   0.0000   5.0529   1.4207   0.0000   0.0000   0.0000   0.0000   0.0000   0.0000   0.0000   0.0000
    87   0.0000   4.9864   1.5721   0.0000   0.0000   0.0000   0.0000   0.0000   0.0000   0.0000   0.0000
    88   0.0000   4.9132   1.6784   0.0000   0.0000   0.0000   0.0000  -0.0000   0.0000   0.0000   0.0000
    89   0.0000   4.8350   1.7384   0.0000   0.0000   0.0000   0.0000   0.0000   0.0000   0.0000   0.0000
    90   0.0000   4.7539   1.7524   0.0000   0.0000   0.0000   0.0000  -0.0000   0.0000  -0.0000  -0.0000    0.527
    91   0.0000   4.6717   1.7221   0.0000   0.0000   0.0000   0.0000  -0.0000   0.0000   0.0000   0.0000
    92   0.0000   4.5906   1.6505   0.0000   0.0000   0.0000   0.0000  -0.0000   0.0000  -0.0000  -0.0000    1.475
    93   0.0000   4.5124   1.5415   0.0000   0.0000   0.0000   0.0000   0.0000   0.0000  -0.0000  -0.0000    1.507
    94   0.0000   4.4392   1.3996   0.0000   0.0000   0.0000   0.0000   0.0000   0.0000  -0.0000  -0.0000
    95   0.0000   4.3727   1.2295   0.0000   0.0000   0.0000   0.0000   0.0000   0.0000  -0.0000  -0.0000    1.423
    96   0.0000   4.3147   1.0361   0.0000   0.0000   0.0000   0.0000  -0.0000   0.0000  -0.0000  -0.0000    1.187
    97   0.0000   4.2664   0.8243   0.0000   0.0000   0.0000   0.0000  -0.0000   0.0000  -0.0000  -0.0000    0.638
    98   0.0000   4.2291   0.5984   0.0000  -0.0000   0.0000   0.0000  -0.0000   0.0000  -0.0000  -0.0000    0.558
    99   0.0000   4.2037   0.3629   0.0000  -0.0000   0.0000   0.0000  -0.0000   0.0000   0.0000   0.0000   -0.722
   100   0.0000   4.1908   0.1216  -0.0000  -0.0000  -0.0000  -0.0000  -0.0000   0.0000   0.0000   0.0000

  Surface # 6     Nacelle                                 
     # Chordwise =  6   # Spanwise = 12     First strip =101
     Surface area =   12.516305       Ave. chord =    3.100000
     CLsurf  =   0.00821     Clsurf  =  -0.00146
     CYsurf  =   0.00487     Cmsurf  =   0.01025
     CDsurf  =  -0.00123     Cnsurf  =  -0.00012
     CDisurf =  -0.00123     CDvsurf =   0.00000

  Forces referred to Ssurf, Cave about hinge axis thru LE
     CLsurf  =  -0.00505     CDsurf  =  -0.01034
     Deflect =

 Strip Forces referred to Strip Area, Chord
    j      Yle    Chord     Area     c cl      ai      cl_norm  cl       cd       cdv    cm_c/4    cm_LE  C.P.x/c
   101   4.3625   3.1000   1.0431   0.5894   0.2340   0.2010   0.2004  -0.0241   0.0000   0.1208   0.0733   -0.353
   102   4.6439   3.1000   1.0430   0.5942   0.2425   0.2016   0.1964  -0.0128   0.0000   0.0908   0.0429   -0.212
   103   4.8064   3.1000   1.0431   0.4673   0.1608   0.1590   0.1513  -0.0047   0.0000   0.0456   0.0079   -0.051
   104   4.8064   3.1000   1.0431   0.2372   0.0129   0.0803   0.0764  -0.0046   0.0000   0.0038  -0.0153    0.200
   105   4.6439   3.1000   1.0430  -0.0221  -0.1294  -0.0084  -0.0082  -0.0057   0.0000  -0.0263  -0.0245
   106   4.3625   3.1000   1.0431  -0.2301  -0.2189  -0.0774  -0.0771  -0.0045   0.0000  -0.0424  -0.0238   -0.299
   107   4.0375   3.1000   1.0431  -0.3340  -0.2397  -0.1114  -0.1110  -0.0025   0.0000  -0.0435  -0.0166   -0.142
   108   3.7560   3.1000   1.0430  -0.3229  -0.1986  -0.1085  -0.1057  -0.0006   0.0000  -0.0292  -0.0032   -0.027
   109   3.5935   3.1000   1.0431  -0.2207  -0.1158  -0.0749  -0.0713   0.0010   0.0000  -0.0002   0.0176    0.247
   110   3.5935   3.1000   1.0431  -0.0547  -0.0138  -0.0183  -0.0174  -0.0044   0.0000   0.0413   0.0458
   111   3.7560   3.1000   1.0430   0.1718   0.0881   0.0617   0.0601  -0.0236   0.0000   0.0875   0.0736
   112   4.0375   3.1000   1.0431   0.4321   0.1776   0.1519   0.1514  -0.0376   0.0000   0.1198   0.0849   -0.541

  Surface # 7     Nacelle (YDUP)                          
     # Chordwise =  6   # Spanwise = 12     First strip =113
     Surface area =   12.516305       Ave. chord =    3.100000
     CLsurf  =   0.00821     Clsurf  =   0.00146
     CYsurf  =  -0.00487     Cmsurf  =   0.01025
     CDsurf  =  -0.00123     Cnsurf  =   0.00012
     CDisurf =  -0.00123     CDvsurf =   0.00000

  Forces referred to Ssurf, Cave about hinge axis thru LE
     CLsurf  =  -0.00505     CDsurf  =  -0.01034
     Deflect =

 Strip Forces referred to Strip Area, Chord
    j      Yle    Chord     Area     c cl      ai      cl_norm  cl       cd       cdv    cm_c/4    cm_LE  C.P.x/c
   113  -4.3625   3.1000   1.0431   0.5894   0.2340   0.2010   0.2004  -0.0241   0.0000   0.1208  -0.0733   -0.353
   114  -4.6439   3.1000   1.0430   0.5942   0.2425   0.2016   0.1964  -0.0128   0.0000   0.0908  -0.0429   -0.212
   115  -4.8064   3.1000   1.0431   0.4673   0.1608   0.1590   0.1513  -0.0047   0.0000   0.0456  -0.0079   -0.051
   116  -4.8064   3.1000   1.0431   0.2372   0.0129   0.0803   0.0764  -0.0046   0.0000   0.0038   0.0153    0.200
   117  -4.6439   3.1000   1.0430  -0.0221  -0.1294  -0.0084  -0.0082  -0.0057   0.0000  -0.0263   0.0245
   118  -4.3625   3.1000   1.0431  -0.2301  -0.2189  -0.0774  -0.0771  -0.0045   0.0000  -0.0424   0.0238   -0.299
   119  -4.0375   3.1000   1.0431  -0.3340  -0.2397  -0.1114  -0.1110  -0.0025   0.0000  -0.0435   0.0166   -0.142
   120  -3.7560   3.1000   1.0430  -0.3229  -0.1986  -0.1085  -0.1057  -0.0006   0.0000  -0.0292   0.0032   -0.027
   121  -3.5935   3.1000   1.0431  -0.2207  -0.1158  -0.0749  -0.0713   0.0010   0.0000  -0.0002  -0.0176    0.247
   122  -3.5935   3.1000   1.0431  -0.0547  -0.0138  -0.0183  -0.0174  -0.0044   0.0000   0.0413  -0.0458
   123  -3.7560   3.1000   1.0430   0.1718   0.0881   0.0617   0.0601  -0.0236   0.0000   0.0875  -0.0736
   124  -4.0375   3.1000   1.0431   0.4321   0.1776   0.1519   0.1514  -0.0376   0.0000   0.1198  -0.0849   -0.541
 ---------------------------------------------------------------
