 ---------------------------------------------------------------
 Surface and Strip Forces by surface

  Forces referred to Sref, Cref, Bref about Xref, Yref, Zref
 Standard axis orientation,  X fwd, Z down         

  Surface # 1     Asa Principal                           
     # Chordwise = 12   # Spanwise = 20     First strip =  1
     Surface area =   52.874416       Ave. chord =    3.215805
     CLsurf  =   0.60567     Clsurf  =  -0.12713
     CYsurf  =  -0.00990     Cmsurf  =  -0.19396
     CDsurf  =   0.02541     Cnsurf  =  -0.02972
     CDisurf =   0.02541     CDvsurf =   0.00000

  Forces referred to Ssurf, Cave about hinge axis thru LE
     CLsurf  =   1.20705     CDsurf  =   0.05069
     Deflect =

 Strip Forces referred to Strip Area, Chord
    j      Yle    Chord     Area     c cl      ai      cl_norm  cl       cd       cdv    cm_c/4    cm_LE  C.P.x/c
     1   0.0245   4.9426   0.4854   5.0597  -0.0252   1.0932   0.9263   0.5307   0.0000  -0.0709  -0.2995    0.327
     2   0.2199   4.9014   1.4323   4.6641  -0.0118   1.1114   0.9417   0.1524   0.0000  -0.0719  -0.2841    0.326
     3   0.6058   4.8199   2.3089   4.6394   0.0085   1.1331   0.9601   0.1224   0.0000  -0.0606  -0.2767    0.313
     4   1.1727   4.7002   3.0742   4.6834   0.0402   1.1807   1.0004   0.0989   0.0000  -0.0478  -0.2731    0.298
     5   1.9067   4.5452   3.6951   4.7890   0.0720   1.2573   1.0653   0.0730   0.0000  -0.0361  -0.2758    0.284
     6   2.7897   4.3587   4.1490   4.8123   0.0884   1.3241   1.1220   0.0526   0.0000  -0.0289  -0.2811    0.276
     7   3.7943   4.1466   4.3781   4.5287   0.0908   1.3061   1.1066   0.0656   0.0000  -0.0335  -0.2826    0.280
     8   4.8950   3.9142   4.4780   4.5933   0.0888   1.4043   1.1899   0.0672   0.0000  -0.0295  -0.2975    0.275
     9   6.0698   3.6661   4.4143   4.5602   0.0843   1.4966   1.2681   0.0423   0.0000  -0.0232  -0.3080    0.268
    10   7.2899   3.4085   4.2077   4.3778   0.0790   1.5497   1.3130   0.0282   0.0000  -0.0216  -0.3160    0.266
    11   8.5252   3.1476   3.8857   4.1271   0.0737   1.5825   1.3408   0.0270   0.0000  -0.0219  -0.3225    0.266
    12   9.7452   2.8900   3.4798   3.8587   0.0695   1.6141   1.3676   0.0181   0.0000  -0.0213  -0.3274    0.266
    13  10.9201   2.6419   3.0224   3.5660   0.0673   1.6329   1.3836   0.0140   0.0000  -0.0207  -0.3303    0.265
    14  12.1242   2.3876   3.0047   3.2427   0.0676   1.6443   1.3933   0.0093   0.0000  -0.0199  -0.3316    0.264
    15  13.3154   2.1361   2.3974   2.8906   0.0742   1.6396   1.3893   0.0048   0.0000  -0.0173  -0.3281    0.262
    16  14.3565   1.9163   1.8369   2.5132   0.0907   1.5904   1.3476  -0.0002   0.0000  -0.0114  -0.3132    0.258
    17  15.2219   1.7335   1.3369   2.0793   0.1209   1.4577   1.2351  -0.0112   0.0000   0.0009  -0.2763    0.249
    18  15.8292   1.6053   0.7271   1.5751   0.1584   1.1907   1.0089  -0.0029   0.0000   0.0227  -0.2063    0.227
    19  16.1941   1.5282   0.4223   1.0011   0.1893   0.7910   0.6702   0.0123   0.0000   0.0334  -0.1214    0.200
    20  16.3788   1.4892   0.1383   0.3442   0.2048   0.2836   0.2403  -0.0117   0.0000   0.0168  -0.0384    0.180

  Surface # 2     Asa Principal (YDUP)                    
     # Chordwise = 12   # Spanwise = 20     First strip = 21
     Surface area =   52.874416       Ave. chord =    3.215805
     CLsurf  =   0.60570     Clsurf  =   0.12714
     CYsurf  =   0.00996     Cmsurf  =  -0.19404
     CDsurf  =   0.02553     Cnsurf  =   0.02971
     CDisurf =   0.02553     CDvsurf =   0.00000

  Forces referred to Ssurf, Cave about hinge axis thru LE
     CLsurf  =   1.20711     CDsurf  =   0.05094
     Deflect =

 Strip Forces referred to Strip Area, Chord
    j      Yle    Chord     Area     c cl      ai      cl_norm  cl       cd       cdv    cm_c/4    cm_LE  C.P.x/c
    21  -0.0245   4.9426   0.4854   5.0595  -0.0252   1.0931   0.9262   0.5306   0.0000  -0.0709   0.2995    0.327
    22  -0.2199   4.9014   1.4323   4.6644  -0.0118   1.1112   0.9416   0.1532   0.0000  -0.0719   0.2841    0.326
    23  -0.6058   4.8199   2.3089   4.6394   0.0085   1.1331   0.9600   0.1224   0.0000  -0.0606   0.2767    0.313
    24  -1.1727   4.7002   3.0742   4.6833   0.0402   1.1807   1.0004   0.0989   0.0000  -0.0478   0.2731    0.298
    25  -1.9067   4.5452   3.6951   4.7897   0.0720   1.2574   1.0654   0.0733   0.0000  -0.0360   0.2758    0.284
    26  -2.7897   4.3587   4.1490   4.8131   0.0884   1.3241   1.1219   0.0537   0.0000  -0.0289   0.2811    0.276
    27  -3.7943   4.1466   4.3781   4.5292   0.0908   1.3059   1.1065   0.0668   0.0000  -0.0335   0.2827    0.280
    28  -4.8950   3.9142   4.4780   4.5946   0.0888   1.4041   1.1897   0.0694   0.0000  -0.0294   0.2975    0.275
    29  -6.0698   3.6661   4.4143   4.5589   0.0843   1.4970   1.2684   0.0393   0.0000  -0.0232   0.3080    0.268
    30  -7.2899   3.4085   4.2077   4.3783   0.0790   1.5497   1.3130   0.0288   0.0000  -0.0216   0.3160    0.266
    31  -8.5252   3.1476   3.8857   4.1271   0.0737   1.5825   1.3408   0.0270   0.0000  -0.0219   0.3225    0.266
    32  -9.7452   2.8900   3.4798   3.8589   0.0695   1.6142   1.3677   0.0179   0.0000  -0.0213   0.3275    0.266
    33 -10.9201   2.6419   3.0224   3.5660   0.0673   1.6329   1.3836   0.0140   0.0000  -0.0207   0.3303    0.265
    34 -12.1242   2.3876   3.0047   3.2459   0.0676   1.6457   1.3944   0.0101   0.0000  -0.0199   0.3318    0.264
    35 -13.3154   2.1361   2.3974   2.8905   0.0742   1.6396   1.3892   0.0048   0.0000  -0.0173   0.3281    0.262
    36 -14.3565   1.9163   1.8369   2.5130   0.0907   1.5903   1.3475   0.0001   0.0000  -0.0114   0.3132    0.258
    37 -15.2219   1.7335   1.3369   2.0794   0.1209   1.4576   1.2351  -0.0109   0.0000   0.0009   0.2763    0.249
    38 -15.8292   1.6053   0.7271   1.5751   0.1584   1.1907   1.0089  -0.0029   0.0000   0.0227   0.2063    0.227
    39 -16.1941   1.5282   0.4223   1.0011   0.1893   0.7910   0.6702   0.0123   0.0000   0.0334   0.1214    0.200
    40 -16.3788   1.4892   0.1383   0.3442   0.2048   0.2836   0.2403  -0.0117   0.0000   0.0168   0.0384    0.180

  Surface # 3     Profundor                               
     # Chordwise = 12   # Spanwise = 20     First strip = 41
     Surface area =   16.118088       Ave. chord =    3.034850
     CLsurf  =  -0.02577     Clsurf  =   0.00164
     CYsurf  =   0.00003     Cmsurf  =   0.11058
     CDsurf  =  -0.00209     Cnsurf  =   0.00029
     CDisurf =  -0.00209     CDvsurf =   0.00000

  Forces referred to Ssurf, Cave about hinge axis thru LE
     CLsurf  =  -0.16870     CDsurf  =  -0.01368
     Deflect =

 Strip Forces referred to Strip Area, Chord
    j      Yle    Chord     Area     c cl      ai      cl_norm  cl       cd       cdv    cm_c/4    cm_LE  C.P.x/c
    41   0.0082   4.3315   0.1416  -0.7890  -0.0187  -0.2332  -0.1923   0.0217   0.0000   0.0398   0.0728    0.457
    42   0.0734   4.2996   0.4182  -0.7912  -0.0176  -0.2242  -0.1848  -0.0180   0.0000   0.0399   0.0734    0.466
    43   0.2021   4.2365   0.6756  -0.7917  -0.0148  -0.2270  -0.1872  -0.0205   0.0000   0.0403   0.0743    0.465
    44   0.3913   4.1438   0.9022  -0.7828  -0.0079  -0.2295  -0.1892  -0.0207   0.0000   0.0418   0.0760    0.471
    45   0.6362   4.0239   1.0890  -0.7578   0.0030  -0.2291  -0.1889  -0.0196   0.0000   0.0457   0.0792    0.492
    46   0.9309   3.8796   1.2293  -0.7174   0.0151  -0.2254  -0.1858  -0.0178   0.0000   0.0518   0.0837    0.529
    47   1.2680   3.7144   1.3197  -0.6687   0.0257  -0.2198  -0.1812  -0.0158   0.0000   0.0589   0.0887    0.575
    48   1.6393   3.5326   1.3600  -0.6190   0.0335  -0.2143  -0.1767  -0.0142   0.0000   0.0655   0.0933    0.621
    49   2.0356   3.3385   1.3527  -0.5717   0.0388  -0.2097  -0.1729  -0.0128   0.0000   0.0708   0.0970    0.660
    50   2.4472   3.1369   1.3031  -0.5274   0.0422  -0.2060  -0.1699  -0.0122   0.0000   0.0747   0.0997    0.690
    51   2.8638   2.9328   1.2183  -0.4857   0.0441  -0.2030  -0.1674  -0.0116   0.0000   0.0774   0.1014    0.712
    52   3.2754   2.7312   1.1066  -0.4456   0.0448  -0.2000  -0.1649  -0.0115   0.0000   0.0789   0.1022    0.728
    53   3.6717   2.5371   0.9767  -0.4063   0.0443  -0.1963  -0.1619  -0.0114   0.0000   0.0795   0.1020    0.741
    54   4.0430   2.3553   0.8368  -0.3669   0.0425  -0.1909  -0.1573  -0.0114   0.0000   0.0790   0.1007    0.752
    55   4.3801   2.1901   0.6940  -0.3260   0.0392  -0.1825  -0.1505  -0.0103   0.0000   0.0771   0.0976    0.763
    56   4.6748   2.0458   0.5536  -0.2818   0.0342  -0.1688  -0.1391  -0.0100   0.0000   0.0730   0.0917    0.775
    57   4.9197   1.9259   0.4193  -0.2320   0.0279  -0.1477  -0.1217  -0.0085   0.0000   0.0654   0.0815    0.787
    58   5.1089   1.8332   0.2923  -0.1744   0.0216  -0.1165  -0.0960  -0.0072   0.0000   0.0528   0.0654    0.800
    59   5.2376   1.7701   0.1722  -0.1087   0.0166  -0.0750  -0.0618  -0.0053   0.0000   0.0348   0.0428    0.812
    60   5.3028   1.7382   0.0568  -0.0370   0.0137  -0.0257  -0.0212  -0.0029   0.0000   0.0122   0.0150    0.826

  Surface # 4     Profundor (YDUP)                        
     # Chordwise = 12   # Spanwise = 20     First strip = 61
     Surface area =   16.118088       Ave. chord =    3.034850
     CLsurf  =  -0.02577     Clsurf  =  -0.00164
     CYsurf  =  -0.00003     Cmsurf  =   0.11058
     CDsurf  =  -0.00209     Cnsurf  =  -0.00029
     CDisurf =  -0.00209     CDvsurf =   0.00000

  Forces referred to Ssurf, Cave about hinge axis thru LE
     CLsurf  =  -0.16869     CDsurf  =  -0.01369
     Deflect =

 Strip Forces referred to Strip Area, Chord
    j      Yle    Chord     Area     c cl      ai      cl_norm  cl       cd       cdv    cm_c/4    cm_LE  C.P.x/c
    61  -0.0082   4.3315   0.1416  -0.7890  -0.0186  -0.2332  -0.1923   0.0217   0.0000   0.0398  -0.0728    0.457
    62  -0.0734   4.2996   0.4182  -0.7912  -0.0176  -0.2242  -0.1848  -0.0180   0.0000   0.0399  -0.0734    0.466
    63  -0.2021   4.2365   0.6756  -0.7917  -0.0148  -0.2270  -0.1872  -0.0205   0.0000   0.0403  -0.0743    0.465
    64  -0.3913   4.1438   0.9022  -0.7828  -0.0079  -0.2295  -0.1892  -0.0207   0.0000   0.0418  -0.0760    0.471
    65  -0.6362   4.0239   1.0890  -0.7578   0.0030  -0.2291  -0.1889  -0.0196   0.0000   0.0457  -0.0792    0.492
    66  -0.9309   3.8796   1.2293  -0.7174   0.0151  -0.2254  -0.1858  -0.0178   0.0000   0.0518  -0.0837    0.529
    67  -1.2680   3.7144   1.3197  -0.6687   0.0257  -0.2198  -0.1812  -0.0158   0.0000   0.0589  -0.0887    0.575
    68  -1.6393   3.5326   1.3600  -0.6190   0.0335  -0.2143  -0.1767  -0.0142   0.0000   0.0655  -0.0933    0.621
    69  -2.0356   3.3385   1.3527  -0.5717   0.0388  -0.2097  -0.1729  -0.0129   0.0000   0.0708  -0.0970    0.660
    70  -2.4472   3.1369   1.3031  -0.5274   0.0422  -0.2060  -0.1699  -0.0122   0.0000   0.0747  -0.0997    0.690
    71  -2.8638   2.9328   1.2183  -0.4857   0.0441  -0.2030  -0.1674  -0.0118   0.0000   0.0774  -0.1014    0.712
    72  -3.2754   2.7312   1.1066  -0.4456   0.0448  -0.2000  -0.1649  -0.0115   0.0000   0.0789  -0.1022    0.728
    73  -3.6717   2.5371   0.9767  -0.4063   0.0443  -0.1963  -0.1619  -0.0114   0.0000   0.0795  -0.1020    0.741
    74  -4.0430   2.3553   0.8368  -0.3669   0.0425  -0.1909  -0.1574  -0.0113   0.0000   0.0790  -0.1007    0.752
    75  -4.3801   2.1901   0.6940  -0.3260   0.0392  -0.1825  -0.1505  -0.0103   0.0000   0.0771  -0.0976    0.763
    76  -4.6748   2.0458   0.5536  -0.2818   0.0342  -0.1688  -0.1391  -0.0100   0.0000   0.0730  -0.0917    0.775
    77  -4.9197   1.9259   0.4193  -0.2320   0.0279  -0.1477  -0.1217  -0.0085   0.0000   0.0654  -0.0815    0.787
    78  -5.1089   1.8332   0.2923  -0.1744   0.0216  -0.1165  -0.0960  -0.0072   0.0000   0.0528  -0.0654    0.800
    79  -5.2376   1.7701   0.1722  -0.1087   0.0166  -0.0750  -0.0618  -0.0053   0.0000   0.0348  -0.0428    0.812
    80  -5.3028   1.7382   0.0568  -0.0370   0.0137  -0.0257  -0.0212  -0.0029   0.0000   0.0122  -0.0150    0.826

  Surface # 5     Leme                                    
     # Chordwise = 12   # Spanwise = 20     First strip = 81
     Surface area =   22.210484       Ave. chord =    4.712800
     CLsurf  =   0.00000     Clsurf  =   0.00000
     CYsurf  =   0.00000     Cmsurf  =  -0.00000
     CDsurf  =  -0.00000     Cnsurf  =  -0.00000
     CDisurf =  -0.00000     CDvsurf =   0.00000

  Forces referred to Ssurf, Cave about hinge axis thru LE
     CLsurf  =  -0.00000     CDsurf  =  -0.00000
     Deflect =

 Strip Forces referred to Strip Area, Chord
    j      Yle    Chord     Area     c cl      ai      cl_norm  cl       cd       cdv    cm_c/4    cm_LE  C.P.x/c
    81   0.0000   5.2348   0.1519  -0.0000  -0.0000  -0.0000  -0.0000   0.0000   0.0000   0.0000   0.0000
    82   0.0000   5.2219   0.4508   0.0000   0.0000   0.0000   0.0000  -0.0000   0.0000   0.0000   0.0000
    83   0.0000   5.1965   0.7353  -0.0000  -0.0000  -0.0000  -0.0000   0.0000   0.0000   0.0000   0.0000
    84   0.0000   5.1592   0.9968  -0.0000  -0.0000  -0.0000  -0.0000  -0.0000   0.0000   0.0000   0.0000
    85   0.0000   5.1109   1.2273  -0.0000   0.0000  -0.0000  -0.0000  -0.0000   0.0000   0.0000   0.0000
    86   0.0000   5.0529   1.4207  -0.0000   0.0000  -0.0000  -0.0000   0.0000   0.0000   0.0000   0.0000    1.115
    87   0.0000   4.9864   1.5721  -0.0000   0.0000  -0.0000  -0.0000  -0.0000   0.0000   0.0000   0.0000    1.200
    88   0.0000   4.9132   1.6784  -0.0000   0.0000  -0.0000  -0.0000  -0.0000   0.0000   0.0000   0.0000    0.746
    89   0.0000   4.8350   1.7384  -0.0000   0.0000  -0.0000  -0.0000   0.0000   0.0000   0.0000   0.0000    0.405
    90   0.0000   4.7539   1.7524  -0.0000   0.0000  -0.0000  -0.0000  -0.0000   0.0000  -0.0000   0.0000   -0.223
    91   0.0000   4.6717   1.7221  -0.0000   0.0000  -0.0000  -0.0000  -0.0000   0.0000  -0.0000   0.0000   -0.206
    92   0.0000   4.5906   1.6505  -0.0000   0.0000  -0.0000  -0.0000  -0.0000   0.0000  -0.0000   0.0000   -0.019
    93   0.0000   4.5124   1.5415  -0.0000   0.0000  -0.0000  -0.0000  -0.0000   0.0000  -0.0000   0.0000   -0.083
    94   0.0000   4.4392   1.3996  -0.0000   0.0000  -0.0000  -0.0000   0.0000   0.0000  -0.0000  -0.0000   -0.724
    95   0.0000   4.3727   1.2295  -0.0000   0.0000  -0.0000  -0.0000  -0.0000   0.0000  -0.0000  -0.0000   -0.438
    96   0.0000   4.3147   1.0361  -0.0000   0.0000  -0.0000  -0.0000   0.0000   0.0000  -0.0000  -0.0000
    97   0.0000   4.2664   0.8243  -0.0000  -0.0000  -0.0000  -0.0000  -0.0000   0.0000  -0.0000  -0.0000
    98   0.0000   4.2291   0.5984  -0.0000  -0.0000  -0.0000  -0.0000   0.0000   0.0000  -0.0000  -0.0000
    99   0.0000   4.2037   0.3629   0.0000   0.0000   0.0000   0.0000   0.0000   0.0000  -0.0000  -0.0000
   100   0.0000   4.1908   0.1216  -0.0000  -0.0000  -0.0000  -0.0000  -0.0000   0.0000  -0.0000   0.0000   -0.056

  Surface # 6     Nacelle                                 
     # Chordwise =  6   # Spanwise = 12     First strip =101
     Surface area =   12.516305       Ave. chord =    3.100000
     CLsurf  =   0.00825     Clsurf  =  -0.00146
     CYsurf  =   0.00488     Cmsurf  =   0.01029
     CDsurf  =  -0.00123     Cnsurf  =  -0.00012
     CDisurf =  -0.00123     CDvsurf =   0.00000

  Forces referred to Ssurf, Cave about hinge axis thru LE
     CLsurf  =  -0.00498     CDsurf  =  -0.01034
     Deflect =

 Strip Forces referred to Strip Area, Chord
    j      Yle    Chord     Area     c cl      ai      cl_norm  cl       cd       cdv    cm_c/4    cm_LE  C.P.x/c
   101   4.3625   3.1000   1.0431   0.5901   0.2296   0.2014   0.2007  -0.0241   0.0000   0.1212   0.0736   -0.354
   102   4.6439   3.1000   1.0430   0.5946   0.2511   0.2019   0.1966  -0.0128   0.0000   0.0911   0.0432   -0.214
   103   4.8064   3.1000   1.0431   0.4672   0.1772   0.1591   0.1513  -0.0047   0.0000   0.0457   0.0081   -0.052
   104   4.8064   3.1000   1.0431   0.2362   0.0313   0.0800   0.0761  -0.0046   0.0000   0.0038  -0.0152    0.199
   105   4.6439   3.1000   1.0430  -0.0240  -0.1129  -0.0090  -0.0088  -0.0057   0.0000  -0.0263  -0.0244
   106   4.3625   3.1000   1.0431  -0.2327  -0.2066  -0.0783  -0.0780  -0.0044   0.0000  -0.0425  -0.0237   -0.295
   107   4.0375   3.1000   1.0431  -0.3368  -0.2337  -0.1124  -0.1120  -0.0023   0.0000  -0.0436  -0.0165   -0.140
   108   3.7560   3.1000   1.0430  -0.3256  -0.2007  -0.1094  -0.1066  -0.0005   0.0000  -0.0293  -0.0031   -0.025
   109   3.5935   3.1000   1.0431  -0.2228  -0.1272  -0.0756  -0.0719   0.0011   0.0000  -0.0002   0.0178    0.247
   110   3.5935   3.1000   1.0431  -0.0561  -0.0336  -0.0188  -0.0179  -0.0044   0.0000   0.0415   0.0460
   111   3.7560   3.1000   1.0430   0.1712   0.0651   0.0616   0.0600  -0.0238   0.0000   0.0878   0.0740
   112   4.0375   3.1000   1.0431   0.4324   0.1603   0.1522   0.1517  -0.0377   0.0000   0.1201   0.0852   -0.542

  Surface # 7     Nacelle (YDUP)                          
     # Chordwise =  6   # Spanwise = 12     First strip =113
     Surface area =   12.516305       Ave. chord =    3.100000
     CLsurf  =   0.00825     Clsurf  =   0.00146
     CYsurf  =  -0.00488     Cmsurf  =   0.01029
     CDsurf  =  -0.00123     Cnsurf  =   0.00012
     CDisurf =  -0.00123     CDvsurf =   0.00000

  Forces referred to Ssurf, Cave about hinge axis thru LE
     CLsurf  =  -0.00498     CDsurf  =  -0.01034
     Deflect =

 Strip Forces referred to Strip Area, Chord
    j      Yle    Chord     Area     c cl      ai      cl_norm  cl       cd       cdv    cm_c/4    cm_LE  C.P.x/c
   113  -4.3625   3.1000   1.0431   0.5901   0.2296   0.2014   0.2007  -0.0241   0.0000   0.1212  -0.0736   -0.354
   114  -4.6439   3.1000   1.0430   0.5946   0.2511   0.2019   0.1966  -0.0128   0.0000   0.0911  -0.0432   -0.214
   115  -4.8064   3.1000   1.0431   0.4672   0.1772   0.1591   0.1513  -0.0047   0.0000   0.0457  -0.0081   -0.052
   116  -4.8064   3.1000   1.0431   0.2362   0.0313   0.0800   0.0761  -0.0046   0.0000   0.0038   0.0152    0.199
   117  -4.6439   3.1000   1.0430  -0.0240  -0.1129  -0.0090  -0.0088  -0.0057   0.0000  -0.0263   0.0244
   118  -4.3625   3.1000   1.0431  -0.2327  -0.2066  -0.0783  -0.0780  -0.0044   0.0000  -0.0425   0.0237   -0.295
   119  -4.0375   3.1000   1.0431  -0.3368  -0.2337  -0.1124  -0.1120  -0.0023   0.0000  -0.0436   0.0165   -0.140
   120  -3.7560   3.1000   1.0430  -0.3256  -0.2007  -0.1094  -0.1066  -0.0005   0.0000  -0.0293   0.0031   -0.025
   121  -3.5935   3.1000   1.0431  -0.2228  -0.1272  -0.0756  -0.0719   0.0011   0.0000  -0.0002  -0.0178    0.247
   122  -3.5935   3.1000   1.0431  -0.0561  -0.0336  -0.0188  -0.0179  -0.0044   0.0000   0.0415  -0.0460
   123  -3.7560   3.1000   1.0430   0.1712   0.0651   0.0616   0.0600  -0.0238   0.0000   0.0878  -0.0740
   124  -4.0375   3.1000   1.0431   0.4324   0.1603   0.1522   0.1517  -0.0377   0.0000   0.1201  -0.0852   -0.542
 ---------------------------------------------------------------
