 ---------------------------------------------------------------
 Surface and Strip Forces by surface

  Forces referred to Sref, Cref, Bref about Xref, Yref, Zref
 Standard axis orientation,  X fwd, Z down         

  Surface # 1     Asa Principal                           
     # Chordwise = 12   # Spanwise = 20     First strip =  1
     Surface area =   41.554817       Ave. chord =    3.107264
     CLsurf  =   0.65023     Clsurf  =  -0.13390
     CYsurf  =  -0.03162     Cmsurf  =   0.05443
     CDsurf  =   0.03496     Cnsurf  =  -0.03304
     CDisurf =   0.03496     CDvsurf =   0.00000

  Forces referred to Ssurf, Cave about hinge axis thru LE
     CLsurf  =   1.29863     CDsurf  =   0.06975
     Deflect =

 Strip Forces referred to Strip Area, Chord
    j      Yle    Chord     Area     c cl      ai      cl_norm  cl       cd       cdv    cm_c/4    cm_LE  C.P.x/c
     1   0.0200   4.7760   0.3815   5.7591   0.0576   1.1187   1.0242   0.8575   0.0000  -0.0515  -0.3360    0.300
     2   0.1788   4.7361   1.1256   4.9849   0.0624   1.1311   1.0355   0.1987   0.0000  -0.0633  -0.3111    0.311
     3   0.4927   4.6574   1.8146   4.9182   0.0733   1.1473   1.0503   0.1551   0.0000  -0.0572  -0.3063    0.304
     4   0.9538   4.5417   2.4160   4.9238   0.0954   1.1861   1.0859   0.1296   0.0000  -0.0483  -0.3048    0.294
     5   1.5507   4.3919   2.9040   4.9841   0.1235   1.2504   1.1447   0.1045   0.0000  -0.0389  -0.3082    0.284
     6   2.2689   4.2117   3.2606   5.0387   0.1423   1.3268   1.2146   0.0795   0.0000  -0.0309  -0.3155    0.275
     7   3.0861   4.0067   3.4411   4.9580   0.1450   1.3776   1.2612   0.0632   0.0000  -0.0283  -0.3229    0.272
     8   3.9814   3.7821   3.5196   4.6431   0.1355   1.3603   1.2454   0.0855   0.0000  -0.0372  -0.3290    0.280
     9   4.9370   3.5424   3.4695   4.6396   0.1197   1.4558   1.3328   0.0755   0.0000  -0.0295  -0.3412    0.272
    10   5.9295   3.2934   3.3071   4.5217   0.1025   1.5354   1.4056   0.0458   0.0000  -0.0236  -0.3509    0.267
    11   6.9343   3.0414   3.0540   4.2949   0.0889   1.5829   1.4491   0.0342   0.0000  -0.0222  -0.3589    0.265
    12   7.9267   2.7924   2.7350   4.0166   0.0805   1.6150   1.4785   0.0252   0.0000  -0.0216  -0.3647    0.265
    13   8.8824   2.5526   2.3755   3.7080   0.0769   1.6331   1.4951   0.0179   0.0000  -0.0207  -0.3672    0.264
    14   9.8618   2.3069   2.3612   3.3621   0.0773   1.6400   1.5014   0.0125   0.0000  -0.0193  -0.3671    0.263
    15  10.8306   2.0639   1.8839   2.9727   0.0844   1.6223   1.4852   0.0069   0.0000  -0.0157  -0.3596    0.261
    16  11.6773   1.8514   1.4434   2.5517   0.1009   1.5532   1.4219   0.0036   0.0000  -0.0083  -0.3379    0.256
    17  12.3812   1.6749   1.0505   2.0773   0.1283   1.3984   1.2803   0.0009   0.0000   0.0054  -0.2921    0.246
    18  12.8752   1.5509   0.5713   1.5398   0.1606   1.1204   1.0257  -0.0026   0.0000   0.0229  -0.2165    0.228
    19  13.1719   1.4764   0.3318   0.9645   0.1881   0.7384   0.6760  -0.0061   0.0000   0.0293  -0.1291    0.207
    20  13.3221   1.4387   0.1087   0.3293   0.2020   0.2651   0.2427  -0.0249   0.0000   0.0139  -0.0419    0.193

  Surface # 2     Asa Principal (YDUP)                    
     # Chordwise = 12   # Spanwise = 20     First strip = 21
     Surface area =   41.554817       Ave. chord =    3.107264
     CLsurf  =   0.65027     Clsurf  =   0.13390
     CYsurf  =   0.03157     Cmsurf  =   0.05451
     CDsurf  =   0.03482     Cnsurf  =   0.03305
     CDisurf =   0.03482     CDvsurf =   0.00000

  Forces referred to Ssurf, Cave about hinge axis thru LE
     CLsurf  =   1.29871     CDsurf  =   0.06947
     Deflect =

 Strip Forces referred to Strip Area, Chord
    j      Yle    Chord     Area     c cl      ai      cl_norm  cl       cd       cdv    cm_c/4    cm_LE  C.P.x/c
    21  -0.0200   4.7760   0.3815   5.7592   0.0576   1.1187   1.0242   0.8574   0.0000  -0.0515   0.3360    0.300
    22  -0.1788   4.7361   1.1256   4.9849   0.0624   1.1311   1.0355   0.1986   0.0000  -0.0633   0.3111    0.311
    23  -0.4927   4.6574   1.8146   4.9183   0.0733   1.1473   1.0503   0.1551   0.0000  -0.0572   0.3063    0.304
    24  -0.9538   4.5417   2.4160   4.9237   0.0954   1.1861   1.0859   0.1296   0.0000  -0.0483   0.3048    0.294
    25  -1.5507   4.3919   2.9040   4.9854   0.1235   1.2508   1.1451   0.1041   0.0000  -0.0388   0.3082    0.284
    26  -2.2689   4.2117   3.2606   5.0396   0.1423   1.3276   1.2154   0.0774   0.0000  -0.0308   0.3155    0.275
    27  -3.0861   4.0067   3.4411   4.9579   0.1450   1.3777   1.2613   0.0629   0.0000  -0.0283   0.3229    0.272
    28  -3.9814   3.7821   3.5196   4.6430   0.1355   1.3603   1.2454   0.0855   0.0000  -0.0372   0.3290    0.280
    29  -4.9370   3.5424   3.4695   4.6397   0.1197   1.4558   1.3328   0.0753   0.0000  -0.0295   0.3412    0.272
    30  -5.9295   3.2934   3.3071   4.5215   0.1025   1.5354   1.4056   0.0456   0.0000  -0.0236   0.3509    0.267
    31  -6.9343   3.0414   3.0540   4.2945   0.0889   1.5829   1.4491   0.0336   0.0000  -0.0222   0.3589    0.265
    32  -7.9267   2.7924   2.7350   4.0167   0.0805   1.6150   1.4785   0.0254   0.0000  -0.0216   0.3647    0.265
    33  -8.8824   2.5526   2.3755   3.7080   0.0769   1.6330   1.4951   0.0181   0.0000  -0.0207   0.3673    0.264
    34  -9.8618   2.3069   2.3612   3.3617   0.0773   1.6399   1.5013   0.0121   0.0000  -0.0194   0.3671    0.263
    35 -10.8306   2.0639   1.8839   2.9726   0.0844   1.6223   1.4852   0.0071   0.0000  -0.0157   0.3596    0.261
    36 -11.6773   1.8514   1.4434   2.5517   0.1009   1.5532   1.4219   0.0036   0.0000  -0.0083   0.3379    0.256
    37 -12.3812   1.6749   1.0505   2.0773   0.1283   1.3984   1.2802   0.0010   0.0000   0.0054   0.2921    0.246
    38 -12.8752   1.5509   0.5713   1.5402   0.1606   1.1203   1.0257  -0.0015   0.0000   0.0229   0.2165    0.228
    39 -13.1719   1.4764   0.3318   0.9644   0.1881   0.7384   0.6760  -0.0064   0.0000   0.0293   0.1291    0.207
    40 -13.3221   1.4387   0.1087   0.3292   0.2020   0.2651   0.2427  -0.0250   0.0000   0.0139   0.0419    0.193

  Surface # 3     Profundor                               
     # Chordwise = 12   # Spanwise = 20     First strip = 41
     Surface area =   13.143810       Ave. chord =    2.472500
     CLsurf  =   0.07238     Clsurf  =  -0.00676
     CYsurf  =  -0.00104     Cmsurf  =  -0.30308
     CDsurf  =   0.01028     Cnsurf  =  -0.00054
     CDisurf =   0.01028     CDvsurf =   0.00000

  Forces referred to Ssurf, Cave about hinge axis thru LE
     CLsurf  =   0.45654     CDsurf  =   0.06481
     Deflect =

 Strip Forces referred to Strip Area, Chord
    j      Yle    Chord     Area     c cl      ai      cl_norm  cl       cd       cdv    cm_c/4    cm_LE  C.P.x/c
    41   0.0082   3.2945   0.1078   1.0647   0.0411   0.3216   0.2868   0.1824   0.0000  -0.0338  -0.1047    0.368
    42   0.0734   3.2742   0.3188   1.0708   0.0461   0.3568   0.3182   0.0758   0.0000  -0.0335  -0.1053    0.355
    43   0.2023   3.2342   0.5162   1.0897   0.0560   0.3694   0.3295   0.0715   0.0000  -0.0319  -0.1061    0.347
    44   0.3917   3.1755   0.6920   1.1280   0.0746   0.3904   0.3481   0.0725   0.0000  -0.0288  -0.1074    0.333
    45   0.6368   3.0995   0.8396   1.1833   0.0994   0.4206   0.3751   0.0742   0.0000  -0.0237  -0.1088    0.313
    46   0.9318   3.0080   0.9540   1.2431   0.1225   0.4571   0.4077   0.0740   0.0000  -0.0168  -0.1098    0.291
    47   1.2692   2.9033   1.0325   1.2928   0.1391   0.4941   0.4407   0.0741   0.0000  -0.0099  -0.1107    0.272
    48   1.6408   2.7880   1.0743   1.3250   0.1494   0.5294   0.4722   0.0720   0.0000  -0.0040  -0.1122    0.259
    49   2.0375   2.6650   1.0808   1.3366   0.1555   0.5604   0.4998   0.0700   0.0000   0.0004  -0.1142    0.249
    50   2.4495   2.5372   1.0550   1.3274   0.1593   0.5860   0.5227   0.0679   0.0000   0.0036  -0.1162    0.243
    51   2.8665   2.4078   1.0012   1.2975   0.1621   0.6049   0.5395   0.0656   0.0000   0.0062  -0.1174    0.239
    52   3.2785   2.2800   0.9247   1.2476   0.1650   0.6152   0.5487   0.0631   0.0000   0.0087  -0.1171    0.234
    53   3.6752   2.1570   0.8312   1.1778   0.1685   0.6148   0.5484   0.0598   0.0000   0.0115  -0.1142    0.229
    54   4.0468   2.0417   0.7261   1.0873   0.1730   0.6005   0.5356   0.0555   0.0000   0.0150  -0.1079    0.222
    55   4.3842   1.9370   0.6143   0.9752   0.1783   0.5683   0.5069   0.0502   0.0000   0.0192  -0.0975    0.212
    56   4.6792   1.8455   0.4999   0.8405   0.1840   0.5149   0.4592   0.0428   0.0000   0.0234  -0.0827    0.199
    57   4.9243   1.7695   0.3856   0.6832   0.1894   0.4371   0.3899   0.0342   0.0000   0.0261  -0.0644    0.183
    58   5.1137   1.7108   0.2731   0.5053   0.1940   0.3352   0.2990   0.0232   0.0000   0.0251  -0.0445    0.166
    59   5.2426   1.6708   0.1627   0.3105   0.1975   0.2126   0.1897   0.0086   0.0000   0.0185  -0.0255    0.152
    60   5.3078   1.6505   0.0540   0.1048   0.1995   0.0750   0.0668  -0.0051   0.0000   0.0067  -0.0083    0.149

  Surface # 4     Profundor (YDUP)                        
     # Chordwise = 12   # Spanwise = 20     First strip = 61
     Surface area =   13.143810       Ave. chord =    2.472500
     CLsurf  =   0.07237     Clsurf  =   0.00676
     CYsurf  =   0.00104     Cmsurf  =  -0.30308
     CDsurf  =   0.01028     Cnsurf  =   0.00053
     CDisurf =   0.01028     CDvsurf =   0.00000

  Forces referred to Ssurf, Cave about hinge axis thru LE
     CLsurf  =   0.45653     CDsurf  =   0.06485
     Deflect =

 Strip Forces referred to Strip Area, Chord
    j      Yle    Chord     Area     c cl      ai      cl_norm  cl       cd       cdv    cm_c/4    cm_LE  C.P.x/c
    61  -0.0082   3.2945   0.1078   1.0647   0.0411   0.3216   0.2869   0.1823   0.0000  -0.0338   0.1047    0.368
    62  -0.0734   3.2742   0.3188   1.0708   0.0461   0.3568   0.3182   0.0758   0.0000  -0.0335   0.1053    0.355
    63  -0.2023   3.2342   0.5162   1.0897   0.0560   0.3695   0.3295   0.0715   0.0000  -0.0319   0.1061    0.347
    64  -0.3917   3.1755   0.6920   1.1280   0.0746   0.3904   0.3481   0.0725   0.0000  -0.0288   0.1074    0.333
    65  -0.6368   3.0995   0.8396   1.1833   0.0994   0.4206   0.3752   0.0740   0.0000  -0.0237   0.1088    0.313
    66  -0.9318   3.0080   0.9540   1.2431   0.1225   0.4570   0.4076   0.0741   0.0000  -0.0168   0.1098    0.291
    67  -1.2692   2.9033   1.0325   1.2928   0.1391   0.4941   0.4407   0.0740   0.0000  -0.0099   0.1107    0.272
    68  -1.6408   2.7880   1.0743   1.3250   0.1494   0.5295   0.4722   0.0717   0.0000  -0.0040   0.1122    0.259
    69  -2.0375   2.6650   1.0808   1.3366   0.1555   0.5603   0.4997   0.0703   0.0000   0.0004   0.1142    0.249
    70  -2.4495   2.5372   1.0550   1.3274   0.1593   0.5861   0.5227   0.0677   0.0000   0.0036   0.1162    0.243
    71  -2.8665   2.4078   1.0012   1.2975   0.1621   0.6049   0.5395   0.0657   0.0000   0.0062   0.1174    0.239
    72  -3.2785   2.2800   0.9247   1.2476   0.1650   0.6152   0.5487   0.0631   0.0000   0.0087   0.1171    0.234
    73  -3.6752   2.1570   0.8312   1.1778   0.1685   0.6147   0.5482   0.0604   0.0000   0.0115   0.1142    0.229
    74  -4.0468   2.0417   0.7261   1.0873   0.1730   0.6005   0.5355   0.0556   0.0000   0.0150   0.1079    0.222
    75  -4.3842   1.9370   0.6143   0.9752   0.1783   0.5683   0.5069   0.0502   0.0000   0.0192   0.0975    0.212
    76  -4.6792   1.8455   0.4999   0.8405   0.1840   0.5148   0.4592   0.0430   0.0000   0.0234   0.0827    0.199
    77  -4.9243   1.7695   0.3856   0.6832   0.1894   0.4371   0.3899   0.0341   0.0000   0.0261   0.0644    0.183
    78  -5.1137   1.7108   0.2731   0.5053   0.1940   0.3352   0.2989   0.0233   0.0000   0.0251   0.0445    0.166
    79  -5.2426   1.6708   0.1627   0.3105   0.1975   0.2127   0.1897   0.0085   0.0000   0.0185   0.0255    0.152
    80  -5.3078   1.6505   0.0540   0.1048   0.1995   0.0749   0.0668  -0.0051   0.0000   0.0067   0.0083    0.149

  Surface # 5     Leme                                    
     # Chordwise = 12   # Spanwise = 20     First strip = 81
     Surface area =   16.284016       Ave. chord =    2.933000
     CLsurf  =  -0.00000     Clsurf  =   0.00000
     CYsurf  =   0.00000     Cmsurf  =   0.00000
     CDsurf  =   0.00000     Cnsurf  =  -0.00000
     CDisurf =   0.00000     CDvsurf =   0.00000

  Forces referred to Ssurf, Cave about hinge axis thru LE
     CLsurf  =  -0.00000     CDsurf  =   0.00000
     Deflect =

 Strip Forces referred to Strip Area, Chord
    j      Yle    Chord     Area     c cl      ai      cl_norm  cl       cd       cdv    cm_c/4    cm_LE  C.P.x/c
    81   0.0000   4.1562   0.1420  -0.0000   0.0000  -0.0000  -0.0000   0.0000   0.0000   0.0000   0.0000    0.866
    82   0.0000   4.1261   0.4196  -0.0000   0.0000  -0.0000  -0.0000   0.0000   0.0000   0.0000   0.0000    0.765
    83   0.0000   4.0666   0.6779  -0.0000   0.0000  -0.0000  -0.0000   0.0000   0.0000   0.0000   0.0000    0.432
    84   0.0000   3.9792   0.9057  -0.0000   0.0000  -0.0000  -0.0000  -0.0000   0.0000   0.0000   0.0000    0.722
    85   0.0000   3.8660   1.0937  -0.0000   0.0000  -0.0000  -0.0000  -0.0000   0.0000  -0.0000   0.0000   -0.014
    86   0.0000   3.7299   1.2355  -0.0000  -0.0000  -0.0000  -0.0000   0.0000   0.0000  -0.0000  -0.0000
    87   0.0000   3.5741   1.3275  -0.0000  -0.0000  -0.0000  -0.0000  -0.0000   0.0000  -0.0000  -0.0000
    88   0.0000   3.4026   1.3693  -0.0000  -0.0000  -0.0000  -0.0000  -0.0000   0.0000  -0.0000  -0.0000   -0.424
    89   0.0000   3.2194   1.3637  -0.0000   0.0000  -0.0000  -0.0000   0.0000   0.0000  -0.0000   0.0000    0.175
    90   0.0000   3.0293   1.3155  -0.0000   0.0000  -0.0000  -0.0000   0.0000   0.0000   0.0000   0.0000
    91   0.0000   2.8367   1.2319  -0.0000   0.0000  -0.0000  -0.0000  -0.0000   0.0000   0.0000   0.0000    1.782
    92   0.0000   2.6466   1.1210  -0.0000  -0.0000  -0.0000  -0.0000   0.0000   0.0000   0.0000   0.0000
    93   0.0000   2.4634   0.9914  -0.0000  -0.0000  -0.0000  -0.0000   0.0000   0.0000   0.0000   0.0000    0.935
    94   0.0000   2.2919   0.8512   0.0000  -0.0000   0.0000   0.0000   0.0000   0.0000  -0.0000  -0.0000    0.651
    95   0.0000   2.1361   0.7076   0.0000  -0.0000   0.0000   0.0000   0.0000   0.0000  -0.0000  -0.0000    1.550
    96   0.0000   2.0000   0.5658   0.0000  -0.0000   0.0000   0.0000  -0.0000   0.0000  -0.0000  -0.0000    1.326
    97   0.0000   1.8868   0.4294   0.0000  -0.0000   0.0000   0.0000  -0.0000   0.0000  -0.0000  -0.0000    0.766
    98   0.0000   1.7994   0.3000   0.0000  -0.0000   0.0000   0.0000  -0.0000   0.0000  -0.0000  -0.0000    1.604
    99   0.0000   1.7399   0.1769   0.0000  -0.0000   0.0000   0.0000   0.0000   0.0000  -0.0000  -0.0000    0.949
   100   0.0000   1.7098   0.0584   0.0000  -0.0000   0.0000   0.0000  -0.0000   0.0000   0.0000  -0.0000    0.207

  Surface # 6     Nacelle                                 
     # Chordwise =  6   # Spanwise = 12     First strip =101
     Surface area =   12.516305       Ave. chord =    3.100000
     CLsurf  =   0.00954     Clsurf  =  -0.00205
     CYsurf  =   0.00522     Cmsurf  =   0.01312
     CDsurf  =  -0.00159     Cnsurf  =  -0.00017
     CDisurf =  -0.00159     CDvsurf =   0.00000

  Forces referred to Ssurf, Cave about hinge axis thru LE
     CLsurf  =  -0.00189     CDsurf  =  -0.01056
     Deflect =

 Strip Forces referred to Strip Area, Chord
    j      Yle    Chord     Area     c cl      ai      cl_norm  cl       cd       cdv    cm_c/4    cm_LE  C.P.x/c
   101   4.3625   3.1000   1.0431   0.2094   0.2219   0.0811   0.0808  -0.0450   0.0000   0.1220   0.1051
   102   4.6439   3.1000   1.0430   0.2204   0.1987   0.0795   0.0770  -0.0258   0.0000   0.0988   0.0810
   103   4.8064   3.1000   1.0431   0.1116   0.1155   0.0388   0.0365  -0.0068   0.0000   0.0576   0.0486
   104   4.8064   3.1000   1.0431  -0.0867  -0.0147  -0.0296  -0.0279   0.0022   0.0000   0.0147   0.0217    0.778
   105   4.6439   3.1000   1.0430  -0.3199  -0.1422  -0.1069  -0.1036   0.0067   0.0000  -0.0185   0.0073    0.071
   106   4.3625   3.1000   1.0431  -0.5125  -0.2217  -0.1685  -0.1678   0.0100   0.0000  -0.0375   0.0039    0.027
   107   4.0375   3.1000   1.0431  -0.6061  -0.2329  -0.1997  -0.1989   0.0103   0.0000  -0.0404   0.0084    0.047
   108   3.7560   3.1000   1.0430  -0.5869  -0.1804  -0.1972  -0.1911   0.0072   0.0000  -0.0275   0.0198    0.106
   109   3.5935   3.1000   1.0431  -0.4822  -0.0857  -0.1653  -0.1557   0.0024   0.0000  -0.0004   0.0385    0.248
   110   3.5935   3.1000   1.0431  -0.3255   0.0240  -0.1109  -0.1045  -0.0102   0.0000   0.0378   0.0640    0.611
   111   3.7560   3.1000   1.0430  -0.1166   0.1238  -0.0330  -0.0320  -0.0336   0.0000   0.0808   0.0902
   112   4.0375   3.1000   1.0431   0.0933   0.1938   0.0421   0.0419  -0.0440   0.0000   0.1148   0.1073

  Surface # 7     Nacelle (YDUP)                          
     # Chordwise =  6   # Spanwise = 12     First strip =113
     Surface area =   12.516305       Ave. chord =    3.100000
     CLsurf  =   0.00954     Clsurf  =   0.00205
     CYsurf  =  -0.00522     Cmsurf  =   0.01312
     CDsurf  =  -0.00159     Cnsurf  =   0.00017
     CDisurf =  -0.00159     CDvsurf =   0.00000

  Forces referred to Ssurf, Cave about hinge axis thru LE
     CLsurf  =  -0.00189     CDsurf  =  -0.01056
     Deflect =

 Strip Forces referred to Strip Area, Chord
    j      Yle    Chord     Area     c cl      ai      cl_norm  cl       cd       cdv    cm_c/4    cm_LE  C.P.x/c
   113  -4.3625   3.1000   1.0431   0.2094   0.2219   0.0811   0.0808  -0.0450   0.0000   0.1220  -0.1051
   114  -4.6439   3.1000   1.0430   0.2204   0.1987   0.0795   0.0770  -0.0258   0.0000   0.0988  -0.0810
   115  -4.8064   3.1000   1.0431   0.1116   0.1155   0.0388   0.0365  -0.0068   0.0000   0.0576  -0.0486
   116  -4.8064   3.1000   1.0431  -0.0867  -0.0147  -0.0296  -0.0279   0.0022   0.0000   0.0147  -0.0217    0.778
   117  -4.6439   3.1000   1.0430  -0.3199  -0.1422  -0.1069  -0.1036   0.0067   0.0000  -0.0185  -0.0073    0.071
   118  -4.3625   3.1000   1.0431  -0.5125  -0.2217  -0.1685  -0.1678   0.0100   0.0000  -0.0375  -0.0039    0.027
   119  -4.0375   3.1000   1.0431  -0.6061  -0.2329  -0.1997  -0.1989   0.0103   0.0000  -0.0404  -0.0084    0.047
   120  -3.7560   3.1000   1.0430  -0.5869  -0.1804  -0.1972  -0.1911   0.0072   0.0000  -0.0275  -0.0198    0.106
   121  -3.5935   3.1000   1.0431  -0.4822  -0.0857  -0.1653  -0.1557   0.0024   0.0000  -0.0004  -0.0385    0.248
   122  -3.5935   3.1000   1.0431  -0.3255   0.0240  -0.1109  -0.1045  -0.0102   0.0000   0.0378  -0.0640    0.611
   123  -3.7560   3.1000   1.0430  -0.1166   0.1238  -0.0330  -0.0320  -0.0336   0.0000   0.0808  -0.0902
   124  -4.0375   3.1000   1.0431   0.0933   0.1938   0.0421   0.0419  -0.0440   0.0000   0.1148  -0.1073
 ---------------------------------------------------------------
