 ---------------------------------------------------------------
 Surface and Strip Forces by surface

  Forces referred to Sref, Cref, Bref about Xref, Yref, Zref
 Standard axis orientation,  X fwd, Z down         

  Surface # 1     Asa Principal                           
     # Chordwise = 12   # Spanwise = 20     First strip =  1
     Surface area =   48.461990       Ave. chord =    3.192746
     CLsurf  =   0.79477     Clsurf  =  -0.18439
     CYsurf  =  -0.04022     Cmsurf  =   0.14159
     CDsurf  =   0.03984     Cnsurf  =  -0.04470
     CDisurf =   0.03984     CDvsurf =   0.00000

  Forces referred to Ssurf, Cave about hinge axis thru LE
     CLsurf  =   1.36127     CDsurf  =   0.06817
     Deflect =

 Strip Forces referred to Strip Area, Chord
    j      Yle    Chord     Area     c cl      ai      cl_norm  cl       cd       cdv    cm_c/4    cm_LE  C.P.x/c
     1   0.0226   4.9069   0.4448   5.9953   0.0544   1.1782   1.1070   0.5949   0.0000  -0.0510  -0.3448    0.296
     2   0.2030   4.8660   1.3125   5.4084   0.0584   1.1748   1.1037   0.1722   0.0000  -0.0603  -0.3274    0.305
     3   0.5592   4.7851   2.1159   5.3614   0.0701   1.1936   1.1214   0.1400   0.0000  -0.0540  -0.3237    0.298
     4   1.0825   4.6664   2.8172   5.3818   0.0953   1.2368   1.1620   0.1147   0.0000  -0.0450  -0.3232    0.289
     5   1.7600   4.5127   3.3864   5.4545   0.1243   1.3047   1.2257   0.0899   0.0000  -0.0356  -0.3277    0.279
     6   2.5750   4.3278   3.8025   5.4901   0.1391   1.3754   1.2922   0.0725   0.0000  -0.0285  -0.3356    0.272
     7   3.5025   4.1172   4.0131   5.3119   0.1369   1.3993   1.3148   0.0714   0.0000  -0.0298  -0.3421    0.273
     8   4.5186   3.8864   4.1046   5.1004   0.1243   1.4156   1.3301   0.1005   0.0000  -0.0345  -0.3519    0.276
     9   5.6031   3.6400   4.0461   5.0696   0.1070   1.5158   1.4242   0.0585   0.0000  -0.0246  -0.3619    0.267
    10   6.7295   3.3841   3.8566   4.8553   0.0906   1.5660   1.4714   0.0439   0.0000  -0.0229  -0.3705    0.266
    11   7.8699   3.1250   3.5614   4.5751   0.0791   1.6002   1.5036   0.0368   0.0000  -0.0228  -0.3775    0.265
    12   8.9962   2.8691   3.1892   4.2601   0.0725   1.6249   1.5267   0.0305   0.0000  -0.0225  -0.3823    0.265
    13  10.0808   2.6227   2.7700   3.9217   0.0698   1.6376   1.5387   0.0261   0.0000  -0.0218  -0.3842    0.264
    14  11.1925   2.3703   2.7541   3.5485   0.0705   1.6405   1.5412   0.0235   0.0000  -0.0207  -0.3836    0.263
    15  12.2923   2.1208   2.1976   3.1346   0.0774   1.6199   1.5219   0.0223   0.0000  -0.0177  -0.3761    0.262
    16  13.2536   1.9027   1.6839   2.6943   0.0934   1.5515   1.4576   0.0228   0.0000  -0.0112  -0.3549    0.258
    17  14.0526   1.7214   1.2257   2.2002   0.1211   1.3990   1.3143   0.0259   0.0000   0.0012  -0.3095    0.249
    18  14.6133   1.5941   0.6665   1.6382   0.1551   1.1231   1.0555   0.0254   0.0000   0.0185  -0.2323    0.232
    19  14.9501   1.5176   0.3871   1.0306   0.1849   0.7412   0.6966   0.0203   0.0000   0.0264  -0.1400    0.212
    20  15.1206   1.4789   0.1268   0.3529   0.2015   0.2633   0.2475  -0.0032   0.0000   0.0131  -0.0455    0.197

  Surface # 2     Asa Principal (YDUP)                    
     # Chordwise = 12   # Spanwise = 20     First strip = 21
     Surface area =   48.461990       Ave. chord =    3.192746
     CLsurf  =   0.79477     Clsurf  =   0.18439
     CYsurf  =   0.04022     Cmsurf  =   0.14159
     CDsurf  =   0.03985     Cnsurf  =   0.04470
     CDisurf =   0.03985     CDvsurf =   0.00000

  Forces referred to Ssurf, Cave about hinge axis thru LE
     CLsurf  =   1.36126     CDsurf  =   0.06817
     Deflect =

 Strip Forces referred to Strip Area, Chord
    j      Yle    Chord     Area     c cl      ai      cl_norm  cl       cd       cdv    cm_c/4    cm_LE  C.P.x/c
    21  -0.0226   4.9069   0.4448   5.9954   0.0545   1.1782   1.1070   0.5949   0.0000  -0.0510   0.3448    0.296
    22  -0.2030   4.8660   1.3125   5.4084   0.0584   1.1748   1.1037   0.1722   0.0000  -0.0603   0.3274    0.305
    23  -0.5592   4.7851   2.1159   5.3614   0.0701   1.1936   1.1214   0.1399   0.0000  -0.0540   0.3237    0.298
    24  -1.0825   4.6664   2.8172   5.3818   0.0953   1.2368   1.1620   0.1146   0.0000  -0.0450   0.3232    0.289
    25  -1.7600   4.5127   3.3864   5.4545   0.1243   1.3047   1.2257   0.0900   0.0000  -0.0356   0.3277    0.279
    26  -2.5750   4.3278   3.8025   5.4902   0.1391   1.3755   1.2922   0.0724   0.0000  -0.0285   0.3356    0.272
    27  -3.5025   4.1172   4.0131   5.3118   0.1369   1.3993   1.3147   0.0714   0.0000  -0.0298   0.3421    0.273
    28  -4.5186   3.8864   4.1046   5.1004   0.1243   1.4156   1.3301   0.1005   0.0000  -0.0345   0.3519    0.276
    29  -5.6031   3.6400   4.0461   5.0695   0.1070   1.5158   1.4242   0.0585   0.0000  -0.0246   0.3619    0.267
    30  -6.7295   3.3841   3.8566   4.8553   0.0906   1.5660   1.4714   0.0439   0.0000  -0.0229   0.3705    0.266
    31  -7.8699   3.1250   3.5614   4.5750   0.0791   1.6002   1.5035   0.0369   0.0000  -0.0228   0.3775    0.265
    32  -8.9962   2.8691   3.1892   4.2601   0.0725   1.6248   1.5267   0.0305   0.0000  -0.0225   0.3823    0.265
    33 -10.0808   2.6227   2.7700   3.9217   0.0698   1.6376   1.5387   0.0261   0.0000  -0.0218   0.3842    0.264
    34 -11.1925   2.3703   2.7541   3.5485   0.0705   1.6405   1.5412   0.0235   0.0000  -0.0207   0.3836    0.263
    35 -12.2923   2.1208   2.1976   3.1346   0.0774   1.6199   1.5219   0.0223   0.0000  -0.0177   0.3761    0.262
    36 -13.2536   1.9027   1.6839   2.6943   0.0934   1.5515   1.4576   0.0228   0.0000  -0.0112   0.3549    0.258
    37 -14.0526   1.7214   1.2257   2.2002   0.1211   1.3990   1.3143   0.0259   0.0000   0.0012   0.3095    0.249
    38 -14.6133   1.5941   0.6665   1.6382   0.1551   1.1231   1.0555   0.0254   0.0000   0.0185   0.2323    0.232
    39 -14.9501   1.5176   0.3871   1.0306   0.1849   0.7412   0.6965   0.0203   0.0000   0.0264   0.1400    0.212
    40 -15.1206   1.4789   0.1268   0.3529   0.2015   0.2633   0.2475  -0.0032   0.0000   0.0131   0.0455    0.197

  Surface # 3     Profundor                               
     # Chordwise = 12   # Spanwise = 20     First strip = 41
     Surface area =   15.328470       Ave. chord =    2.670000
     CLsurf  =   0.06519     Clsurf  =  -0.00648
     CYsurf  =  -0.00092     Cmsurf  =  -0.27050
     CDsurf  =   0.00871     Cnsurf  =  -0.00064
     CDisurf =   0.00871     CDvsurf =   0.00000

  Forces referred to Ssurf, Cave about hinge axis thru LE
     CLsurf  =   0.35262     CDsurf  =   0.04713
     Deflect =

 Strip Forces referred to Strip Area, Chord
    j      Yle    Chord     Area     c cl      ai      cl_norm  cl       cd       cdv    cm_c/4    cm_LE  C.P.x/c
    41   0.0088   3.5573   0.1257   0.9225   0.0617   0.2665   0.2378   0.1158   0.0000  -0.0205  -0.0780    0.336
    42   0.0793   3.5354   0.3718   0.9280   0.0656   0.2877   0.2566   0.0561   0.0000  -0.0201  -0.0783    0.328
    43   0.2185   3.4923   0.6020   0.9437   0.0720   0.2973   0.2652   0.0540   0.0000  -0.0178  -0.0779    0.317
    44   0.4230   3.4288   0.8070   0.9729   0.0829   0.3128   0.2791   0.0544   0.0000  -0.0123  -0.0760    0.294
    45   0.6878   3.3468   0.9790   1.0128   0.0974   0.3345   0.2984   0.0550   0.0000  -0.0033  -0.0722    0.261
    46   1.0063   3.2480   1.1125   1.0535   0.1118   0.3597   0.3209   0.0549   0.0000   0.0074  -0.0673    0.227
    47   1.3707   3.1350   1.2040   1.0860   0.1229   0.3860   0.3443   0.0524   0.0000   0.0173  -0.0633    0.200
    48   1.7720   3.0106   1.2528   1.1056   0.1304   0.4105   0.3662   0.0510   0.0000   0.0249  -0.0611    0.182
    49   2.2004   2.8778   1.2604   1.1101   0.1352   0.4325   0.3858   0.0494   0.0000   0.0303  -0.0604    0.171
    50   2.6453   2.7398   1.2303   1.0989   0.1382   0.4504   0.4018   0.0487   0.0000   0.0341  -0.0604    0.165
    51   3.0957   2.6002   1.1676   1.0715   0.1406   0.4635   0.4135   0.0474   0.0000   0.0370  -0.0603    0.161
    52   3.5406   2.4622   1.0784   1.0279   0.1428   0.4703   0.4196   0.0456   0.0000   0.0394  -0.0593    0.156
    53   3.9690   2.3294   0.9694   0.9678   0.1452   0.4683   0.4178   0.0446   0.0000   0.0420  -0.0565    0.150
    54   4.3703   2.2050   0.8468   0.8906   0.1481   0.4557   0.4066   0.0417   0.0000   0.0448  -0.0514    0.140
    55   4.7347   2.0920   0.7165   0.7954   0.1512   0.4293   0.3830   0.0383   0.0000   0.0476  -0.0434    0.126
    56   5.0532   1.9932   0.5831   0.6819   0.1540   0.3872   0.3455   0.0311   0.0000   0.0495  -0.0329    0.107
    57   5.3180   1.9112   0.4498   0.5509   0.1559   0.3265   0.2913   0.0255   0.0000   0.0488  -0.0212    0.082
    58   5.5225   1.8477   0.3185   0.4050   0.1572   0.2489   0.2221   0.0171   0.0000   0.0429  -0.0108    0.057
    59   5.6617   1.8046   0.1898   0.2477   0.1580   0.1571   0.1402   0.0065   0.0000   0.0299  -0.0040    0.036
    60   5.7322   1.7827   0.0630   0.0834   0.1586   0.0550   0.0491  -0.0028   0.0000   0.0107  -0.0009    0.032

  Surface # 4     Profundor (YDUP)                        
     # Chordwise = 12   # Spanwise = 20     First strip = 61
     Surface area =   15.328470       Ave. chord =    2.670000
     CLsurf  =   0.06519     Clsurf  =   0.00648
     CYsurf  =   0.00092     Cmsurf  =  -0.27050
     CDsurf  =   0.00871     Cnsurf  =   0.00064
     CDisurf =   0.00871     CDvsurf =   0.00000

  Forces referred to Ssurf, Cave about hinge axis thru LE
     CLsurf  =   0.35263     CDsurf  =   0.04713
     Deflect =

 Strip Forces referred to Strip Area, Chord
    j      Yle    Chord     Area     c cl      ai      cl_norm  cl       cd       cdv    cm_c/4    cm_LE  C.P.x/c
    61  -0.0088   3.5573   0.1257   0.9225   0.0617   0.2665   0.2378   0.1158   0.0000  -0.0205   0.0780    0.336
    62  -0.0793   3.5354   0.3718   0.9280   0.0656   0.2877   0.2566   0.0561   0.0000  -0.0201   0.0783    0.328
    63  -0.2185   3.4923   0.6020   0.9437   0.0720   0.2972   0.2652   0.0540   0.0000  -0.0178   0.0779    0.317
    64  -0.4230   3.4288   0.8070   0.9729   0.0829   0.3128   0.2790   0.0546   0.0000  -0.0123   0.0760    0.294
    65  -0.6878   3.3468   0.9790   1.0128   0.0974   0.3345   0.2984   0.0550   0.0000  -0.0033   0.0722    0.261
    66  -1.0063   3.2480   1.1125   1.0535   0.1118   0.3597   0.3209   0.0549   0.0000   0.0074   0.0673    0.227
    67  -1.3707   3.1350   1.2040   1.0860   0.1229   0.3860   0.3444   0.0524   0.0000   0.0173   0.0633    0.200
    68  -1.7720   3.0106   1.2528   1.1056   0.1304   0.4105   0.3662   0.0511   0.0000   0.0249   0.0611    0.182
    69  -2.2004   2.8778   1.2604   1.1101   0.1352   0.4325   0.3858   0.0493   0.0000   0.0303   0.0604    0.171
    70  -2.6453   2.7398   1.2303   1.0989   0.1382   0.4504   0.4018   0.0487   0.0000   0.0341   0.0604    0.165
    71  -3.0957   2.6002   1.1676   1.0715   0.1406   0.4635   0.4135   0.0474   0.0000   0.0370   0.0603    0.161
    72  -3.5406   2.4622   1.0784   1.0279   0.1428   0.4703   0.4195   0.0457   0.0000   0.0394   0.0593    0.156
    73  -3.9690   2.3294   0.9694   0.9678   0.1452   0.4682   0.4177   0.0448   0.0000   0.0420   0.0565    0.150
    74  -4.3703   2.2050   0.8468   0.8906   0.1481   0.4557   0.4066   0.0416   0.0000   0.0448   0.0514    0.140
    75  -4.7347   2.0920   0.7165   0.7954   0.1512   0.4294   0.3831   0.0380   0.0000   0.0476   0.0434    0.126
    76  -5.0532   1.9932   0.5831   0.6819   0.1540   0.3872   0.3455   0.0311   0.0000   0.0495   0.0329    0.107
    77  -5.3180   1.9112   0.4498   0.5509   0.1559   0.3265   0.2913   0.0254   0.0000   0.0488   0.0212    0.082
    78  -5.5225   1.8477   0.3185   0.4050   0.1572   0.2489   0.2220   0.0172   0.0000   0.0429   0.0108    0.057
    79  -5.6617   1.8046   0.1898   0.2477   0.1580   0.1571   0.1402   0.0065   0.0000   0.0299   0.0040    0.036
    80  -5.7322   1.7827   0.0630   0.0834   0.1586   0.0550   0.0491  -0.0028   0.0000   0.0107   0.0009    0.032

  Surface # 5     Leme                                    
     # Chordwise = 12   # Spanwise = 20     First strip = 81
     Surface area =   18.960655       Ave. chord =    3.167500
     CLsurf  =   0.00000     Clsurf  =   0.00000
     CYsurf  =   0.00000     Cmsurf  =  -0.00000
     CDsurf  =  -0.00000     Cnsurf  =  -0.00000
     CDisurf =  -0.00000     CDvsurf =   0.00000

  Forces referred to Ssurf, Cave about hinge axis thru LE
     CLsurf  =  -0.00000     CDsurf  =  -0.00000
     Deflect =

 Strip Forces referred to Strip Area, Chord
    j      Yle    Chord     Area     c cl      ai      cl_norm  cl       cd       cdv    cm_c/4    cm_LE  C.P.x/c
    81   0.0000   4.4889   0.1654  -0.0000  -0.0000  -0.0000  -0.0000  -0.0000   0.0000   0.0000   0.0000    0.287
    82   0.0000   4.4564   0.4886  -0.0000   0.0000  -0.0000  -0.0000   0.0000   0.0000   0.0000   0.0000    0.358
    83   0.0000   4.3921   0.7894  -0.0000  -0.0000  -0.0000  -0.0000   0.0000   0.0000  -0.0000   0.0000    0.236
    84   0.0000   4.2977   1.0546  -0.0000   0.0000  -0.0000  -0.0000   0.0000   0.0000  -0.0000   0.0000    0.201
    85   0.0000   4.1754   1.2736  -0.0000   0.0000  -0.0000  -0.0000  -0.0000   0.0000  -0.0000  -0.0000   -0.318
    86   0.0000   4.0283   1.4386  -0.0000   0.0000  -0.0000  -0.0000   0.0000   0.0000   0.0000   0.0000    0.256
    87   0.0000   3.8601   1.5458  -0.0000   0.0000  -0.0000  -0.0000   0.0000   0.0000  -0.0000   0.0000    0.237
    88   0.0000   3.6747   1.5945  -0.0000   0.0000  -0.0000  -0.0000  -0.0000   0.0000   0.0000   0.0000    0.306
    89   0.0000   3.4769   1.5878  -0.0000   0.0000  -0.0000  -0.0000   0.0000   0.0000  -0.0000   0.0000    0.195
    90   0.0000   3.2715   1.5317  -0.0000  -0.0000  -0.0000  -0.0000   0.0000   0.0000   0.0000   0.0000    0.334
    91   0.0000   3.0635   1.4344  -0.0000   0.0000  -0.0000  -0.0000   0.0000   0.0000   0.0000   0.0000    0.275
    92   0.0000   2.8581   1.3052  -0.0000   0.0000  -0.0000  -0.0000   0.0000   0.0000   0.0000   0.0000    0.520
    93   0.0000   2.6603   1.1543  -0.0000   0.0000  -0.0000  -0.0000  -0.0000   0.0000   0.0000   0.0000    0.415
    94   0.0000   2.4749   0.9911  -0.0000   0.0000  -0.0000  -0.0000  -0.0000   0.0000   0.0000   0.0000    0.852
    95   0.0000   2.3067   0.8238  -0.0000  -0.0000  -0.0000  -0.0000  -0.0000   0.0000   0.0000   0.0000    0.929
    96   0.0000   2.1596   0.6587  -0.0000  -0.0000  -0.0000  -0.0000   0.0000   0.0000  -0.0000   0.0000    0.234
    97   0.0000   2.0373   0.4999  -0.0000  -0.0000  -0.0000  -0.0000   0.0000   0.0000  -0.0000   0.0000   -0.024
    98   0.0000   1.9429   0.3492  -0.0000  -0.0000  -0.0000  -0.0000  -0.0000   0.0000  -0.0000   0.0000   -0.008
    99   0.0000   1.8786   0.2060  -0.0000  -0.0000  -0.0000  -0.0000   0.0000   0.0000  -0.0000   0.0000   -0.115
   100   0.0000   1.8461   0.0680  -0.0000  -0.0000  -0.0000  -0.0000  -0.0000   0.0000  -0.0000  -0.0000

  Surface # 6     Nacelle                                 
     # Chordwise =  6   # Spanwise = 12     First strip =101
     Surface area =   12.516305       Ave. chord =    3.100000
     CLsurf  =   0.00923     Clsurf  =  -0.00191
     CYsurf  =   0.00479     Cmsurf  =   0.01373
     CDsurf  =  -0.00263     Cnsurf  =  -0.00029
     CDisurf =  -0.00263     CDvsurf =   0.00000

  Forces referred to Ssurf, Cave about hinge axis thru LE
     CLsurf  =  -0.00028     CDsurf  =  -0.01742
     Deflect =

 Strip Forces referred to Strip Area, Chord
    j      Yle    Chord     Area     c cl      ai      cl_norm  cl       cd       cdv    cm_c/4    cm_LE  C.P.x/c
   101   4.3625   3.1000   1.0431   0.0752   0.2083   0.0434   0.0432  -0.0717   0.0000   0.1166   0.1106
   102   4.6439   3.1000   1.0430   0.0506   0.1867   0.0256   0.0248  -0.0436   0.0000   0.0978   0.0937
   103   4.8064   3.1000   1.0431  -0.0512   0.1088  -0.0167  -0.0157  -0.0117   0.0000   0.0596   0.0637
   104   4.8064   3.1000   1.0431  -0.2257  -0.0115  -0.0773  -0.0727   0.0045   0.0000   0.0178   0.0360    0.495
   105   4.6439   3.1000   1.0430  -0.4373  -0.1324  -0.1462  -0.1415   0.0104   0.0000  -0.0158   0.0195    0.138
   106   4.3625   3.1000   1.0431  -0.6164  -0.2099  -0.2026  -0.2017   0.0134   0.0000  -0.0354   0.0143    0.074
   107   4.0375   3.1000   1.0431  -0.7048  -0.2221  -0.2323  -0.2313   0.0127   0.0000  -0.0389   0.0179    0.082
   108   3.7560   3.1000   1.0430  -0.6864  -0.1721  -0.2310  -0.2236   0.0083   0.0000  -0.0264   0.0289    0.132
   109   3.5935   3.1000   1.0431  -0.5872  -0.0814  -0.2017  -0.1897   0.0027   0.0000  -0.0002   0.0471    0.249
   110   3.5935   3.1000   1.0431  -0.4451   0.0233  -0.1523  -0.1432  -0.0101   0.0000   0.0355   0.0714    0.498
   111   3.7560   3.1000   1.0430  -0.2632   0.1187  -0.0804  -0.0779  -0.0451   0.0000   0.0750   0.0962    1.213
   112   4.0375   3.1000   1.0431  -0.0400   0.1841   0.0067   0.0066  -0.0788   0.0000   0.1074   0.1106

  Surface # 7     Nacelle (YDUP)                          
     # Chordwise =  6   # Spanwise = 12     First strip =113
     Surface area =   12.516305       Ave. chord =    3.100000
     CLsurf  =   0.00923     Clsurf  =   0.00191
     CYsurf  =  -0.00479     Cmsurf  =   0.01373
     CDsurf  =  -0.00263     Cnsurf  =   0.00029
     CDisurf =  -0.00263     CDvsurf =   0.00000

  Forces referred to Ssurf, Cave about hinge axis thru LE
     CLsurf  =  -0.00028     CDsurf  =  -0.01742
     Deflect =

 Strip Forces referred to Strip Area, Chord
    j      Yle    Chord     Area     c cl      ai      cl_norm  cl       cd       cdv    cm_c/4    cm_LE  C.P.x/c
   113  -4.3625   3.1000   1.0431   0.0752   0.2083   0.0434   0.0432  -0.0717   0.0000   0.1166  -0.1106
   114  -4.6439   3.1000   1.0430   0.0506   0.1867   0.0256   0.0248  -0.0436   0.0000   0.0978  -0.0937
   115  -4.8064   3.1000   1.0431  -0.0512   0.1088  -0.0167  -0.0157  -0.0117   0.0000   0.0596  -0.0637
   116  -4.8064   3.1000   1.0431  -0.2257  -0.0115  -0.0773  -0.0727   0.0045   0.0000   0.0178  -0.0360    0.495
   117  -4.6439   3.1000   1.0430  -0.4373  -0.1324  -0.1462  -0.1415   0.0104   0.0000  -0.0158  -0.0195    0.138
   118  -4.3625   3.1000   1.0431  -0.6164  -0.2099  -0.2026  -0.2017   0.0134   0.0000  -0.0354  -0.0143    0.074
   119  -4.0375   3.1000   1.0431  -0.7048  -0.2221  -0.2323  -0.2313   0.0127   0.0000  -0.0389  -0.0179    0.082
   120  -3.7560   3.1000   1.0430  -0.6864  -0.1721  -0.2310  -0.2236   0.0083   0.0000  -0.0264  -0.0289    0.132
   121  -3.5935   3.1000   1.0431  -0.5872  -0.0814  -0.2017  -0.1897   0.0027   0.0000  -0.0002  -0.0471    0.249
   122  -3.5935   3.1000   1.0431  -0.4451   0.0233  -0.1523  -0.1432  -0.0101   0.0000   0.0355  -0.0714    0.498
   123  -3.7560   3.1000   1.0430  -0.2632   0.1187  -0.0804  -0.0779  -0.0451   0.0000   0.0750  -0.0962    1.213
   124  -4.0375   3.1000   1.0431  -0.0400   0.1841   0.0067   0.0066  -0.0788   0.0000   0.1074  -0.1106
 ---------------------------------------------------------------
