 ---------------------------------------------------------------
 Surface and Strip Forces by surface

  Forces referred to Sref, Cref, Bref about Xref, Yref, Zref
 Standard axis orientation,  X fwd, Z down         

  Surface # 1     Asa Principal                           
     # Chordwise = 12   # Spanwise = 20     First strip =  1
     Surface area =   48.461990       Ave. chord =    3.192746
     CLsurf  =   0.79394     Clsurf  =  -0.18420
     CYsurf  =  -0.04016     Cmsurf  =   0.14133
     CDsurf  =   0.03949     Cnsurf  =  -0.04458
     CDisurf =   0.03949     CDvsurf =   0.00000

  Forces referred to Ssurf, Cave about hinge axis thru LE
     CLsurf  =   1.35984     CDsurf  =   0.06756
     Deflect =

 Strip Forces referred to Strip Area, Chord
    j      Yle    Chord     Area     c cl      ai      cl_norm  cl       cd       cdv    cm_c/4    cm_LE  C.P.x/c
     1   0.0226   4.9069   0.4448   5.9894   0.0647   1.1776   1.1063   0.5932   0.0000  -0.0510  -0.3446    0.296
     2   0.2030   4.8660   1.3125   5.4037   0.0686   1.1738   1.1028   0.1714   0.0000  -0.0603  -0.3272    0.305
     3   0.5592   4.7851   2.1159   5.3568   0.0804   1.1926   1.1205   0.1393   0.0000  -0.0540  -0.3234    0.298
     4   1.0825   4.6664   2.8172   5.3772   0.1055   1.2358   1.1610   0.1141   0.0000  -0.0450  -0.3230    0.289
     5   1.7600   4.5127   3.3864   5.4497   0.1342   1.3035   1.2246   0.0893   0.0000  -0.0357  -0.3275    0.279
     6   2.5750   4.3278   3.8025   5.4850   0.1483   1.3741   1.2910   0.0719   0.0000  -0.0286  -0.3353    0.272
     7   3.5025   4.1172   4.0131   5.3069   0.1447   1.3980   1.3135   0.0708   0.0000  -0.0298  -0.3418    0.273
     8   4.5186   3.8864   4.1046   5.0954   0.1297   1.4142   1.3288   0.0998   0.0000  -0.0345  -0.3516    0.276
     9   5.6031   3.6400   4.0461   5.0644   0.1092   1.5142   1.4227   0.0579   0.0000  -0.0246  -0.3616    0.267
    10   6.7295   3.3841   3.8566   4.8503   0.0898   1.5643   1.4698   0.0433   0.0000  -0.0230  -0.3702    0.266
    11   7.8699   3.1250   3.5614   4.5704   0.0765   1.5985   1.5019   0.0362   0.0000  -0.0228  -0.3772    0.265
    12   8.9962   2.8691   3.1892   4.2556   0.0694   1.6230   1.5250   0.0299   0.0000  -0.0225  -0.3820    0.265
    13  10.0808   2.6227   2.7700   3.9175   0.0668   1.6357   1.5369   0.0255   0.0000  -0.0218  -0.3838    0.264
    14  11.1925   2.3703   2.7541   3.5446   0.0678   1.6386   1.5394   0.0229   0.0000  -0.0208  -0.3832    0.263
    15  12.2923   2.1208   2.1976   3.1312   0.0749   1.6180   1.5200   0.0217   0.0000  -0.0177  -0.3757    0.262
    16  13.2536   1.9027   1.6839   2.6912   0.0912   1.5497   1.4559   0.0223   0.0000  -0.0112  -0.3545    0.258
    17  14.0526   1.7214   1.2257   2.1977   0.1190   1.3973   1.3127   0.0254   0.0000   0.0012  -0.3092    0.249
    18  14.6133   1.5941   0.6665   1.6363   0.1531   1.1218   1.0542   0.0250   0.0000   0.0184  -0.2321    0.233
    19  14.9501   1.5176   0.3871   1.0294   0.1829   0.7403   0.6957   0.0201   0.0000   0.0264  -0.1399    0.212
    20  15.1206   1.4789   0.1268   0.3525   0.1995   0.2630   0.2472  -0.0032   0.0000   0.0131  -0.0455    0.197

  Surface # 2     Asa Principal (YDUP)                    
     # Chordwise = 12   # Spanwise = 20     First strip = 21
     Surface area =   48.461990       Ave. chord =    3.192746
     CLsurf  =   0.79394     Clsurf  =   0.18420
     CYsurf  =   0.04016     Cmsurf  =   0.14133
     CDsurf  =   0.03950     Cnsurf  =   0.04458
     CDisurf =   0.03950     CDvsurf =   0.00000

  Forces referred to Ssurf, Cave about hinge axis thru LE
     CLsurf  =   1.35984     CDsurf  =   0.06757
     Deflect =

 Strip Forces referred to Strip Area, Chord
    j      Yle    Chord     Area     c cl      ai      cl_norm  cl       cd       cdv    cm_c/4    cm_LE  C.P.x/c
    21  -0.0226   4.9069   0.4448   5.9894   0.0647   1.1776   1.1063   0.5933   0.0000  -0.0510   0.3446    0.296
    22  -0.2030   4.8660   1.3125   5.4037   0.0686   1.1738   1.1028   0.1715   0.0000  -0.0603   0.3272    0.305
    23  -0.5592   4.7851   2.1159   5.3569   0.0804   1.1926   1.1205   0.1392   0.0000  -0.0540   0.3234    0.298
    24  -1.0825   4.6664   2.8172   5.3772   0.1055   1.2358   1.1610   0.1140   0.0000  -0.0450   0.3230    0.289
    25  -1.7600   4.5127   3.3864   5.4496   0.1342   1.3035   1.2246   0.0894   0.0000  -0.0357   0.3275    0.279
    26  -2.5750   4.3278   3.8025   5.4851   0.1483   1.3741   1.2910   0.0718   0.0000  -0.0286   0.3353    0.272
    27  -3.5025   4.1172   4.0131   5.3068   0.1447   1.3979   1.3135   0.0709   0.0000  -0.0298   0.3418    0.273
    28  -4.5186   3.8864   4.1046   5.0954   0.1297   1.4142   1.3288   0.0998   0.0000  -0.0345   0.3516    0.276
    29  -5.6031   3.6400   4.0461   5.0644   0.1092   1.5141   1.4227   0.0579   0.0000  -0.0246   0.3616    0.267
    30  -6.7295   3.3841   3.8566   4.8503   0.0898   1.5643   1.4698   0.0433   0.0000  -0.0230   0.3702    0.266
    31  -7.8699   3.1250   3.5614   4.5703   0.0765   1.5984   1.5019   0.0363   0.0000  -0.0228   0.3772    0.265
    32  -8.9962   2.8691   3.1892   4.2556   0.0694   1.6230   1.5250   0.0299   0.0000  -0.0225   0.3820    0.265
    33 -10.0808   2.6227   2.7700   3.9175   0.0668   1.6357   1.5369   0.0255   0.0000  -0.0218   0.3838    0.264
    34 -11.1925   2.3703   2.7541   3.5446   0.0678   1.6386   1.5394   0.0230   0.0000  -0.0208   0.3832    0.263
    35 -12.2923   2.1208   2.1976   3.1312   0.0749   1.6180   1.5200   0.0217   0.0000  -0.0177   0.3757    0.262
    36 -13.2536   1.9027   1.6839   2.6912   0.0912   1.5497   1.4558   0.0223   0.0000  -0.0112   0.3545    0.258
    37 -14.0526   1.7214   1.2257   2.1977   0.1190   1.3973   1.3127   0.0254   0.0000   0.0012   0.3092    0.249
    38 -14.6133   1.5941   0.6665   1.6363   0.1531   1.1218   1.0542   0.0250   0.0000   0.0184   0.2321    0.233
    39 -14.9501   1.5176   0.3871   1.0294   0.1829   0.7403   0.6957   0.0201   0.0000   0.0264   0.1399    0.212
    40 -15.1206   1.4789   0.1268   0.3525   0.1995   0.2630   0.2472  -0.0032   0.0000   0.0131   0.0455    0.197

  Surface # 3     Profundor                               
     # Chordwise = 12   # Spanwise = 20     First strip = 41
     Surface area =   15.328470       Ave. chord =    2.670000
     CLsurf  =   0.09375     Clsurf  =  -0.00926
     CYsurf  =  -0.00124     Cmsurf  =  -0.39513
     CDsurf  =   0.01372     Cnsurf  =  -0.00079
     CDisurf =   0.01372     CDvsurf =   0.00000

  Forces referred to Ssurf, Cave about hinge axis thru LE
     CLsurf  =   0.50708     CDsurf  =   0.07421
     Deflect =

 Strip Forces referred to Strip Area, Chord
    j      Yle    Chord     Area     c cl      ai      cl_norm  cl       cd       cdv    cm_c/4    cm_LE  C.P.x/c
    41   0.0088   3.5573   0.1257   1.3992   0.0768   0.3990   0.3560   0.1938   0.0000  -0.0514  -0.1368    0.394
    42   0.0793   3.5354   0.3718   1.4068   0.0819   0.4345   0.3876   0.0906   0.0000  -0.0510  -0.1375    0.382
    43   0.2185   3.4923   0.6020   1.4271   0.0896   0.4481   0.3997   0.0867   0.0000  -0.0486  -0.1377    0.372
    44   0.4230   3.4288   0.8070   1.4622   0.1019   0.4686   0.4181   0.0867   0.0000  -0.0430  -0.1367    0.353
    45   0.6878   3.3468   0.9790   1.5069   0.1178   0.4963   0.4427   0.0866   0.0000  -0.0340  -0.1339    0.327
    46   1.0063   3.2480   1.1125   1.5496   0.1332   0.5277   0.4707   0.0856   0.0000  -0.0234  -0.1303    0.300
    47   1.3707   3.1350   1.2040   1.5809   0.1451   0.5603   0.4998   0.0818   0.0000  -0.0137  -0.1277    0.277
    48   1.7720   3.0106   1.2528   1.5958   0.1531   0.5908   0.5270   0.0795   0.0000  -0.0063  -0.1268    0.262
    49   2.2004   2.8778   1.2604   1.5917   0.1582   0.6182   0.5515   0.0770   0.0000  -0.0010  -0.1273    0.252
    50   2.6453   2.7398   1.2303   1.5676   0.1616   0.6407   0.5715   0.0758   0.0000   0.0027  -0.1282    0.245
    51   3.0957   2.6002   1.1676   1.5230   0.1644   0.6570   0.5861   0.0738   0.0000   0.0057  -0.1286    0.240
    52   3.5406   2.4622   1.0784   1.4577   0.1674   0.6651   0.5933   0.0709   0.0000   0.0085  -0.1274    0.236
    53   3.9690   2.3294   0.9694   1.3711   0.1712   0.6615   0.5902   0.0694   0.0000   0.0117  -0.1238    0.230
    54   4.3703   2.2050   0.8468   1.2622   0.1760   0.6441   0.5746   0.0652   0.0000   0.0155  -0.1165    0.223
    55   4.7347   2.0920   0.7165   1.1296   0.1818   0.6078   0.5422   0.0606   0.0000   0.0200  -0.1050    0.213
    56   5.0532   1.9932   0.5831   0.9718   0.1879   0.5501   0.4908   0.0502   0.0000   0.0246  -0.0889    0.200
    57   5.3180   1.9112   0.4498   0.7889   0.1938   0.4659   0.4156   0.0422   0.0000   0.0275  -0.0691    0.184
    58   5.5225   1.8477   0.3185   0.5828   0.1987   0.3567   0.3182   0.0297   0.0000   0.0265  -0.0478    0.167
    59   5.6617   1.8046   0.1898   0.3580   0.2024   0.2258   0.2015   0.0136   0.0000   0.0196  -0.0274    0.153
    60   5.7322   1.7827   0.0630   0.1208   0.2046   0.0790   0.0704  -0.0016   0.0000   0.0071  -0.0090    0.149

  Surface # 4     Profundor (YDUP)                        
     # Chordwise = 12   # Spanwise = 20     First strip = 61
     Surface area =   15.328470       Ave. chord =    2.670000
     CLsurf  =   0.09375     Clsurf  =   0.00926
     CYsurf  =   0.00124     Cmsurf  =  -0.39513
     CDsurf  =   0.01372     Cnsurf  =   0.00079
     CDisurf =   0.01372     CDvsurf =   0.00000

  Forces referred to Ssurf, Cave about hinge axis thru LE
     CLsurf  =   0.50708     CDsurf  =   0.07419
     Deflect =

 Strip Forces referred to Strip Area, Chord
    j      Yle    Chord     Area     c cl      ai      cl_norm  cl       cd       cdv    cm_c/4    cm_LE  C.P.x/c
    61  -0.0088   3.5573   0.1257   1.3992   0.0768   0.3990   0.3560   0.1937   0.0000  -0.0514   0.1368    0.394
    62  -0.0793   3.5354   0.3718   1.4068   0.0819   0.4345   0.3876   0.0906   0.0000  -0.0510   0.1375    0.382
    63  -0.2185   3.4923   0.6020   1.4271   0.0896   0.4480   0.3997   0.0867   0.0000  -0.0486   0.1377    0.372
    64  -0.4230   3.4288   0.8070   1.4622   0.1019   0.4686   0.4180   0.0869   0.0000  -0.0430   0.1367    0.353
    65  -0.6878   3.3468   0.9790   1.5069   0.1178   0.4963   0.4427   0.0867   0.0000  -0.0340   0.1339    0.327
    66  -1.0063   3.2480   1.1125   1.5496   0.1332   0.5276   0.4707   0.0857   0.0000  -0.0234   0.1303    0.300
    67  -1.3707   3.1350   1.2040   1.5809   0.1451   0.5603   0.4999   0.0817   0.0000  -0.0137   0.1277    0.277
    68  -1.7720   3.0106   1.2528   1.5958   0.1531   0.5908   0.5270   0.0796   0.0000  -0.0063   0.1268    0.262
    69  -2.2004   2.8778   1.2604   1.5917   0.1582   0.6182   0.5515   0.0770   0.0000  -0.0010   0.1273    0.252
    70  -2.6453   2.7398   1.2303   1.5676   0.1616   0.6407   0.5715   0.0758   0.0000   0.0027   0.1282    0.245
    71  -3.0957   2.6002   1.1676   1.5230   0.1644   0.6570   0.5861   0.0738   0.0000   0.0057   0.1286    0.240
    72  -3.5406   2.4622   1.0784   1.4577   0.1674   0.6650   0.5933   0.0710   0.0000   0.0085   0.1274    0.236
    73  -3.9690   2.3294   0.9694   1.3711   0.1712   0.6615   0.5901   0.0696   0.0000   0.0117   0.1238    0.230
    74  -4.3703   2.2050   0.8468   1.2622   0.1760   0.6441   0.5746   0.0650   0.0000   0.0155   0.1165    0.223
    75  -4.7347   2.0920   0.7165   1.1296   0.1818   0.6079   0.5423   0.0601   0.0000   0.0200   0.1050    0.213
    76  -5.0532   1.9932   0.5831   0.9718   0.1879   0.5502   0.4908   0.0501   0.0000   0.0246   0.0889    0.200
    77  -5.3180   1.9112   0.4498   0.7889   0.1938   0.4659   0.4157   0.0420   0.0000   0.0275   0.0691    0.184
    78  -5.5225   1.8477   0.3185   0.5828   0.1987   0.3567   0.3182   0.0299   0.0000   0.0265   0.0478    0.167
    79  -5.6617   1.8046   0.1898   0.3580   0.2024   0.2258   0.2015   0.0135   0.0000   0.0196   0.0274    0.153
    80  -5.7322   1.7827   0.0630   0.1208   0.2046   0.0790   0.0704  -0.0016   0.0000   0.0071   0.0090    0.149

  Surface # 5     Leme                                    
     # Chordwise = 12   # Spanwise = 20     First strip = 81
     Surface area =   18.960655       Ave. chord =    3.167500
     CLsurf  =   0.00000     Clsurf  =   0.00000
     CYsurf  =   0.00000     Cmsurf  =  -0.00000
     CDsurf  =  -0.00000     Cnsurf  =  -0.00000
     CDisurf =  -0.00000     CDvsurf =   0.00000

  Forces referred to Ssurf, Cave about hinge axis thru LE
     CLsurf  =  -0.00000     CDsurf  =  -0.00000
     Deflect =

 Strip Forces referred to Strip Area, Chord
    j      Yle    Chord     Area     c cl      ai      cl_norm  cl       cd       cdv    cm_c/4    cm_LE  C.P.x/c
    81   0.0000   4.4889   0.1654  -0.0000   0.0000  -0.0000  -0.0000  -0.0000   0.0000   0.0000   0.0000    0.273
    82   0.0000   4.4564   0.4886  -0.0000   0.0000  -0.0000  -0.0000   0.0000   0.0000   0.0000   0.0000    0.335
    83   0.0000   4.3921   0.7894  -0.0000  -0.0000  -0.0000  -0.0000   0.0000   0.0000  -0.0000   0.0000    0.225
    84   0.0000   4.2977   1.0546  -0.0000   0.0000  -0.0000  -0.0000   0.0000   0.0000  -0.0000   0.0000    0.179
    85   0.0000   4.1754   1.2736  -0.0000   0.0000  -0.0000  -0.0000  -0.0000   0.0000  -0.0000  -0.0000   -0.191
    86   0.0000   4.0283   1.4386  -0.0000  -0.0000  -0.0000  -0.0000   0.0000   0.0000   0.0000   0.0000    0.258
    87   0.0000   3.8601   1.5458  -0.0000   0.0000  -0.0000  -0.0000   0.0000   0.0000   0.0000   0.0000    0.253
    88   0.0000   3.6747   1.5945  -0.0000   0.0000  -0.0000  -0.0000  -0.0000   0.0000   0.0000   0.0000    0.325
    89   0.0000   3.4769   1.5878  -0.0000   0.0000  -0.0000  -0.0000  -0.0000   0.0000  -0.0000   0.0000    0.233
    90   0.0000   3.2715   1.5317  -0.0000  -0.0000  -0.0000  -0.0000   0.0000   0.0000   0.0000   0.0000    0.335
    91   0.0000   3.0635   1.4344  -0.0000   0.0000  -0.0000  -0.0000  -0.0000   0.0000   0.0000   0.0000    0.258
    92   0.0000   2.8581   1.3052  -0.0000  -0.0000  -0.0000  -0.0000  -0.0000   0.0000   0.0000   0.0000    0.472
    93   0.0000   2.6603   1.1543  -0.0000   0.0000  -0.0000  -0.0000  -0.0000   0.0000   0.0000   0.0000    0.385
    94   0.0000   2.4749   0.9911  -0.0000  -0.0000  -0.0000  -0.0000   0.0000   0.0000   0.0000   0.0000    0.795
    95   0.0000   2.3067   0.8238  -0.0000  -0.0000  -0.0000  -0.0000  -0.0000   0.0000   0.0000   0.0000    0.871
    96   0.0000   2.1596   0.6587  -0.0000  -0.0000  -0.0000  -0.0000   0.0000   0.0000  -0.0000   0.0000    0.245
    97   0.0000   2.0373   0.4999  -0.0000   0.0000  -0.0000  -0.0000   0.0000   0.0000  -0.0000   0.0000   -0.007
    98   0.0000   1.9429   0.3492  -0.0000  -0.0000  -0.0000  -0.0000  -0.0000   0.0000  -0.0000   0.0000    0.076
    99   0.0000   1.8786   0.2060  -0.0000  -0.0000  -0.0000  -0.0000   0.0000   0.0000  -0.0000   0.0000   -0.101
   100   0.0000   1.8461   0.0680  -0.0000   0.0000  -0.0000  -0.0000  -0.0000   0.0000  -0.0000  -0.0000

  Surface # 6     Nacelle                                 
     # Chordwise =  6   # Spanwise = 12     First strip =101
     Surface area =   12.516305       Ave. chord =    3.100000
     CLsurf  =   0.00921     Clsurf  =  -0.00191
     CYsurf  =   0.00479     Cmsurf  =   0.01371
     CDsurf  =  -0.00263     Cnsurf  =  -0.00029
     CDisurf =  -0.00263     CDvsurf =   0.00000

  Forces referred to Ssurf, Cave about hinge axis thru LE
     CLsurf  =  -0.00032     CDsurf  =  -0.01740
     Deflect =

 Strip Forces referred to Strip Area, Chord
    j      Yle    Chord     Area     c cl      ai      cl_norm  cl       cd       cdv    cm_c/4    cm_LE  C.P.x/c
   101   4.3625   3.1000   1.0431   0.0755   0.2108   0.0433   0.0431  -0.0715   0.0000   0.1165   0.1104
   102   4.6439   3.1000   1.0430   0.0510   0.1840   0.0257   0.0249  -0.0435   0.0000   0.0976   0.0935
   103   4.8064   3.1000   1.0431  -0.0506   0.1027  -0.0165  -0.0156  -0.0117   0.0000   0.0595   0.0636
   104   4.8064   3.1000   1.0431  -0.2249  -0.0187  -0.0770  -0.0724   0.0044   0.0000   0.0178   0.0359    0.496
   105   4.6439   3.1000   1.0430  -0.4361  -0.1390  -0.1457  -0.1411   0.0104   0.0000  -0.0158   0.0194    0.138
   106   4.3625   3.1000   1.0431  -0.6151  -0.2150  -0.2021  -0.2013   0.0133   0.0000  -0.0354   0.0142    0.074
   107   4.0375   3.1000   1.0431  -0.7034  -0.2248  -0.2318  -0.2308   0.0126   0.0000  -0.0388   0.0179    0.082
   108   3.7560   3.1000   1.0430  -0.6851  -0.1717  -0.2305  -0.2232   0.0082   0.0000  -0.0264   0.0289    0.132
   109   3.5935   3.1000   1.0431  -0.5861  -0.0773  -0.2013  -0.1893   0.0027   0.0000  -0.0002   0.0471    0.249
   110   3.5935   3.1000   1.0431  -0.4442   0.0307  -0.1519  -0.1429  -0.0100   0.0000   0.0355   0.0713    0.498
   111   3.7560   3.1000   1.0430  -0.2625   0.1276  -0.0802  -0.0777  -0.0450   0.0000   0.0749   0.0960    1.214
   112   4.0375   3.1000   1.0431  -0.0397   0.1913   0.0066   0.0066  -0.0786   0.0000   0.1073   0.1105

  Surface # 7     Nacelle (YDUP)                          
     # Chordwise =  6   # Spanwise = 12     First strip =113
     Surface area =   12.516305       Ave. chord =    3.100000
     CLsurf  =   0.00921     Clsurf  =   0.00191
     CYsurf  =  -0.00479     Cmsurf  =   0.01371
     CDsurf  =  -0.00263     Cnsurf  =   0.00029
     CDisurf =  -0.00263     CDvsurf =   0.00000

  Forces referred to Ssurf, Cave about hinge axis thru LE
     CLsurf  =  -0.00032     CDsurf  =  -0.01740
     Deflect =

 Strip Forces referred to Strip Area, Chord
    j      Yle    Chord     Area     c cl      ai      cl_norm  cl       cd       cdv    cm_c/4    cm_LE  C.P.x/c
   113  -4.3625   3.1000   1.0431   0.0755   0.2108   0.0433   0.0431  -0.0715   0.0000   0.1165  -0.1104
   114  -4.6439   3.1000   1.0430   0.0510   0.1840   0.0257   0.0249  -0.0435   0.0000   0.0976  -0.0935
   115  -4.8064   3.1000   1.0431  -0.0506   0.1027  -0.0165  -0.0156  -0.0117   0.0000   0.0595  -0.0636
   116  -4.8064   3.1000   1.0431  -0.2249  -0.0187  -0.0770  -0.0724   0.0044   0.0000   0.0178  -0.0359    0.496
   117  -4.6439   3.1000   1.0430  -0.4361  -0.1390  -0.1457  -0.1411   0.0104   0.0000  -0.0158  -0.0194    0.138
   118  -4.3625   3.1000   1.0431  -0.6151  -0.2150  -0.2021  -0.2013   0.0133   0.0000  -0.0354  -0.0142    0.074
   119  -4.0375   3.1000   1.0431  -0.7034  -0.2248  -0.2318  -0.2308   0.0126   0.0000  -0.0388  -0.0179    0.082
   120  -3.7560   3.1000   1.0430  -0.6851  -0.1717  -0.2305  -0.2232   0.0082   0.0000  -0.0264  -0.0289    0.132
   121  -3.5935   3.1000   1.0431  -0.5861  -0.0773  -0.2013  -0.1893   0.0027   0.0000  -0.0002  -0.0471    0.249
   122  -3.5935   3.1000   1.0431  -0.4442   0.0307  -0.1519  -0.1429  -0.0100   0.0000   0.0355  -0.0713    0.498
   123  -3.7560   3.1000   1.0430  -0.2625   0.1276  -0.0802  -0.0777  -0.0450   0.0000   0.0749  -0.0960    1.214
   124  -4.0375   3.1000   1.0431  -0.0397   0.1913   0.0066   0.0066  -0.0786   0.0000   0.1073  -0.1105
 ---------------------------------------------------------------
