 ---------------------------------------------------------------
 Surface and Strip Forces by surface

  Forces referred to Sref, Cref, Bref about Xref, Yref, Zref
 Standard axis orientation,  X fwd, Z down         

  Surface # 1     Asa Principal                           
     # Chordwise = 12   # Spanwise = 20     First strip =  1
     Surface area =   41.554817       Ave. chord =    3.107264
     CLsurf  =   0.65245     Clsurf  =  -0.13439
     CYsurf  =  -0.02958     Cmsurf  =   0.05589
     CDsurf  =   0.03527     Cnsurf  =  -0.03230
     CDisurf =   0.03527     CDvsurf =   0.00000

  Forces referred to Ssurf, Cave about hinge axis thru LE
     CLsurf  =   1.30279     CDsurf  =   0.07037
     Deflect =

 Strip Forces referred to Strip Area, Chord
    j      Yle    Chord     Area     c cl      ai      cl_norm  cl       cd       cdv    cm_c/4    cm_LE  C.P.x/c
     1   0.0200   4.7760   0.3815   5.5401   0.0467   1.1248   1.0298   0.6490   0.0000  -0.0557  -0.3293    0.304
     2   0.1788   4.7361   1.1256   4.9821   0.0515   1.1368   1.0407   0.1767   0.0000  -0.0638  -0.3115    0.311
     3   0.4927   4.6574   1.8146   4.9326   0.0624   1.1541   1.0566   0.1440   0.0000  -0.0573  -0.3072    0.304
     4   0.9538   4.5417   2.4160   4.9386   0.0846   1.1926   1.0918   0.1209   0.0000  -0.0482  -0.3056    0.294
     5   1.5507   4.3919   2.9040   4.9984   0.1132   1.2565   1.1503   0.0972   0.0000  -0.0387  -0.3088    0.284
     6   2.2689   4.2117   3.2606   5.0557   0.1328   1.3330   1.2203   0.0755   0.0000  -0.0305  -0.3162    0.275
     7   3.0861   4.0067   3.4411   4.9908   0.1368   1.3854   1.2684   0.0703   0.0000  -0.0271  -0.3238    0.271
     8   3.9814   3.7821   3.5196   4.6730   0.1294   1.3684   1.2528   0.0902   0.0000  -0.0360  -0.3299    0.279
     9   4.9370   3.5424   3.4695   4.6637   0.1166   1.4638   1.3401   0.0762   0.0000  -0.0286  -0.3421    0.271
    10   5.9295   3.2934   3.3071   4.5378   0.1026   1.5405   1.4103   0.0497   0.0000  -0.0230  -0.3515    0.266
    11   6.9343   3.0414   3.0540   4.3037   0.0912   1.5859   1.4519   0.0378   0.0000  -0.0219  -0.3594    0.265
    12   7.9267   2.7924   2.7350   4.0239   0.0838   1.6169   1.4803   0.0317   0.0000  -0.0213  -0.3651    0.264
    13   8.8824   2.5526   2.3755   3.7140   0.0804   1.6347   1.4966   0.0243   0.0000  -0.0205  -0.3677    0.264
    14   9.8618   2.3069   2.3612   3.3674   0.0807   1.6404   1.5018   0.0231   0.0000  -0.0192  -0.3676    0.263
    15  10.8306   2.0639   1.8839   2.9778   0.0876   1.6222   1.4851   0.0200   0.0000  -0.0155  -0.3601    0.260
    16  11.6773   1.8514   1.4434   2.5553   0.1039   1.5522   1.4210   0.0177   0.0000  -0.0083  -0.3384    0.256
    17  12.3812   1.6749   1.0505   2.0821   0.1313   1.3972   1.2792   0.0191   0.0000   0.0057  -0.2926    0.246
    18  12.8752   1.5509   0.5713   1.5425   0.1636   1.1183   1.0238   0.0136   0.0000   0.0231  -0.2168    0.227
    19  13.1719   1.4764   0.3318   0.9666   0.1912   0.7358   0.6736   0.0103   0.0000   0.0295  -0.1293    0.206
    20  13.3221   1.4387   0.1087   0.3298   0.2051   0.2619   0.2398  -0.0116   0.0000   0.0140  -0.0419    0.192

  Surface # 2     Asa Principal (YDUP)                    
     # Chordwise = 12   # Spanwise = 20     First strip = 21
     Surface area =   41.554817       Ave. chord =    3.107264
     CLsurf  =   0.65245     Clsurf  =   0.13439
     CYsurf  =   0.02962     Cmsurf  =   0.05585
     CDsurf  =   0.03539     Cnsurf  =   0.03226
     CDisurf =   0.03539     CDvsurf =   0.00000

  Forces referred to Ssurf, Cave about hinge axis thru LE
     CLsurf  =   1.30279     CDsurf  =   0.07062
     Deflect =

 Strip Forces referred to Strip Area, Chord
    j      Yle    Chord     Area     c cl      ai      cl_norm  cl       cd       cdv    cm_c/4    cm_LE  C.P.x/c
    21  -0.0200   4.7760   0.3815   5.5399   0.0467   1.1248   1.0297   0.6490   0.0000  -0.0558   0.3293    0.304
    22  -0.1788   4.7361   1.1256   4.9822   0.0515   1.1368   1.0407   0.1768   0.0000  -0.0638   0.3115    0.311
    23  -0.4927   4.6574   1.8146   4.9327   0.0624   1.1541   1.0566   0.1440   0.0000  -0.0573   0.3072    0.304
    24  -0.9538   4.5417   2.4160   4.9389   0.0846   1.1926   1.0919   0.1210   0.0000  -0.0482   0.3056    0.294
    25  -1.5507   4.3919   2.9040   4.9984   0.1132   1.2565   1.1503   0.0972   0.0000  -0.0387   0.3088    0.284
    26  -2.2689   4.2117   3.2606   5.0557   0.1328   1.3329   1.2203   0.0755   0.0000  -0.0305   0.3162    0.275
    27  -3.0861   4.0067   3.4411   4.9908   0.1368   1.3854   1.2683   0.0704   0.0000  -0.0271   0.3238    0.271
    28  -3.9814   3.7821   3.5196   4.6732   0.1294   1.3684   1.2528   0.0904   0.0000  -0.0360   0.3299    0.279
    29  -4.9370   3.5424   3.4695   4.6647   0.1166   1.4638   1.3401   0.0774   0.0000  -0.0286   0.3421    0.271
    30  -5.9295   3.2934   3.3071   4.5378   0.1026   1.5405   1.4103   0.0497   0.0000  -0.0230   0.3515    0.266
    31  -6.9343   3.0414   3.0540   4.3035   0.0912   1.5859   1.4519   0.0375   0.0000  -0.0219   0.3594    0.265
    32  -7.9267   2.7924   2.7350   4.0239   0.0838   1.6169   1.4803   0.0317   0.0000  -0.0213   0.3651    0.264
    33  -8.8824   2.5526   2.3755   3.7140   0.0804   1.6347   1.4966   0.0244   0.0000  -0.0205   0.3677    0.264
    34  -9.8618   2.3069   2.3612   3.3682   0.0807   1.6404   1.5018   0.0246   0.0000  -0.0191   0.3676    0.263
    35 -10.8306   2.0639   1.8839   2.9778   0.0876   1.6222   1.4851   0.0201   0.0000  -0.0155   0.3601    0.260
    36 -11.6773   1.8514   1.4434   2.5561   0.1039   1.5524   1.4212   0.0188   0.0000  -0.0082   0.3384    0.256
    37 -12.3812   1.6749   1.0505   2.0820   0.1313   1.3972   1.2791   0.0191   0.0000   0.0056   0.2926    0.246
    38 -12.8752   1.5509   0.5713   1.5426   0.1636   1.1183   1.0238   0.0137   0.0000   0.0231   0.2168    0.227
    39 -13.1719   1.4764   0.3318   0.9666   0.1912   0.7357   0.6736   0.0102   0.0000   0.0295   0.1293    0.206
    40 -13.3221   1.4387   0.1087   0.3301   0.2051   0.2619   0.2398  -0.0110   0.0000   0.0140   0.0419    0.192

  Surface # 3     Profundor                               
     # Chordwise = 12   # Spanwise = 20     First strip = 41
     Surface area =   13.143810       Ave. chord =    2.472500
     CLsurf  =   0.04445     Clsurf  =  -0.00426
     CYsurf  =  -0.00067     Cmsurf  =  -0.18230
     CDsurf  =   0.00572     Cnsurf  =  -0.00039
     CDisurf =   0.00572     CDvsurf =   0.00000

  Forces referred to Ssurf, Cave about hinge axis thru LE
     CLsurf  =   0.28039     CDsurf  =   0.03608
     Deflect =

 Strip Forces referred to Strip Area, Chord
    j      Yle    Chord     Area     c cl      ai      cl_norm  cl       cd       cdv    cm_c/4    cm_LE  C.P.x/c
    41   0.0082   3.2945   0.1078   0.5554   0.0236   0.1736   0.1548   0.0747   0.0000   0.0018  -0.0368    0.238
    42   0.0734   3.2742   0.3188   0.5594   0.0273   0.1874   0.1672   0.0359   0.0000   0.0022  -0.0370    0.237
    43   0.2023   3.2342   0.5162   0.5738   0.0357   0.1954   0.1743   0.0345   0.0000   0.0035  -0.0373    0.230
    44   0.3917   3.1755   0.6920   0.6064   0.0527   0.2107   0.1879   0.0360   0.0000   0.0065  -0.0376    0.215
    45   0.6368   3.0995   0.8396   0.6577   0.0760   0.2347   0.2093   0.0380   0.0000   0.0117  -0.0378    0.194
    46   0.9318   3.0080   0.9540   0.7164   0.0980   0.2643   0.2357   0.0397   0.0000   0.0187  -0.0373    0.171
    47   1.2692   2.9033   1.0325   0.7691   0.1138   0.2951   0.2632   0.0403   0.0000   0.0259  -0.0369    0.152
    48   1.6408   2.7880   1.0743   0.8078   0.1236   0.3240   0.2890   0.0397   0.0000   0.0320  -0.0370    0.139
    49   2.0375   2.6650   1.0808   0.8301   0.1294   0.3491   0.3114   0.0398   0.0000   0.0366  -0.0377    0.133
    50   2.4495   2.5372   1.0550   0.8354   0.1328   0.3699   0.3300   0.0392   0.0000   0.0399  -0.0387    0.129
    51   2.8665   2.4078   1.0012   0.8245   0.1350   0.3853   0.3437   0.0387   0.0000   0.0425  -0.0394    0.126
    52   3.2785   2.2800   0.9247   0.7978   0.1369   0.3941   0.3516   0.0382   0.0000   0.0447  -0.0391    0.123
    53   3.6752   2.1570   0.8312   0.7558   0.1389   0.3953   0.3526   0.0361   0.0000   0.0469  -0.0372    0.117
    54   4.0468   2.0417   0.7261   0.6984   0.1412   0.3862   0.3445   0.0341   0.0000   0.0492  -0.0331    0.107
    55   4.3842   1.9370   0.6143   0.6253   0.1434   0.3648   0.3254   0.0309   0.0000   0.0515  -0.0267    0.092
    56   4.6792   1.8455   0.4999   0.5366   0.1451   0.3290   0.2935   0.0264   0.0000   0.0528  -0.0182    0.070
    57   4.9243   1.7695   0.3856   0.4335   0.1460   0.2777   0.2477   0.0208   0.0000   0.0513  -0.0091    0.043
    58   5.1137   1.7108   0.2731   0.3185   0.1463   0.2116   0.1887   0.0138   0.0000   0.0446  -0.0018    0.014
    59   5.2426   1.6708   0.1627   0.1947   0.1464   0.1332   0.1188   0.0058   0.0000   0.0308   0.0016   -0.009
    60   5.3078   1.6505   0.0540   0.0655   0.1466   0.0467   0.0417  -0.0026   0.0000   0.0110   0.0010   -0.014

  Surface # 4     Profundor (YDUP)                        
     # Chordwise = 12   # Spanwise = 20     First strip = 61
     Surface area =   13.143810       Ave. chord =    2.472500
     CLsurf  =   0.04445     Clsurf  =   0.00426
     CYsurf  =   0.00067     Cmsurf  =  -0.18230
     CDsurf  =   0.00572     Cnsurf  =   0.00039
     CDisurf =   0.00572     CDvsurf =   0.00000

  Forces referred to Ssurf, Cave about hinge axis thru LE
     CLsurf  =   0.28038     CDsurf  =   0.03609
     Deflect =

 Strip Forces referred to Strip Area, Chord
    j      Yle    Chord     Area     c cl      ai      cl_norm  cl       cd       cdv    cm_c/4    cm_LE  C.P.x/c
    61  -0.0082   3.2945   0.1078   0.5554   0.0235   0.1736   0.1548   0.0747   0.0000   0.0018   0.0368    0.238
    62  -0.0734   3.2742   0.3188   0.5594   0.0273   0.1874   0.1672   0.0359   0.0000   0.0022   0.0370    0.237
    63  -0.2023   3.2342   0.5162   0.5738   0.0357   0.1954   0.1743   0.0347   0.0000   0.0035   0.0373    0.230
    64  -0.3917   3.1755   0.6920   0.6064   0.0527   0.2107   0.1879   0.0360   0.0000   0.0065   0.0376    0.215
    65  -0.6368   3.0995   0.8396   0.6577   0.0760   0.2347   0.2094   0.0379   0.0000   0.0117   0.0378    0.194
    66  -0.9318   3.0080   0.9540   0.7164   0.0980   0.2643   0.2357   0.0397   0.0000   0.0187   0.0373    0.171
    67  -1.2692   2.9033   1.0325   0.7691   0.1138   0.2951   0.2632   0.0403   0.0000   0.0259   0.0369    0.152
    68  -1.6408   2.7880   1.0743   0.8078   0.1236   0.3239   0.2889   0.0400   0.0000   0.0320   0.0370    0.139
    69  -2.0375   2.6650   1.0808   0.8301   0.1294   0.3491   0.3114   0.0398   0.0000   0.0366   0.0377    0.133
    70  -2.4495   2.5372   1.0550   0.8354   0.1328   0.3699   0.3300   0.0392   0.0000   0.0399   0.0387    0.129
    71  -2.8665   2.4078   1.0012   0.8245   0.1350   0.3853   0.3437   0.0386   0.0000   0.0425   0.0394    0.126
    72  -3.2785   2.2800   0.9247   0.7978   0.1369   0.3942   0.3516   0.0381   0.0000   0.0447   0.0391    0.123
    73  -3.6752   2.1570   0.8312   0.7558   0.1389   0.3952   0.3526   0.0363   0.0000   0.0469   0.0372    0.117
    74  -4.0468   2.0417   0.7261   0.6984   0.1412   0.3862   0.3445   0.0341   0.0000   0.0492   0.0331    0.107
    75  -4.3842   1.9370   0.6143   0.6253   0.1434   0.3649   0.3255   0.0308   0.0000   0.0515   0.0267    0.092
    76  -4.6792   1.8455   0.4999   0.5366   0.1451   0.3290   0.2935   0.0265   0.0000   0.0528   0.0182    0.070
    77  -4.9243   1.7695   0.3856   0.4335   0.1460   0.2777   0.2477   0.0206   0.0000   0.0513   0.0091    0.043
    78  -5.1137   1.7108   0.2731   0.3185   0.1463   0.2115   0.1887   0.0139   0.0000   0.0446   0.0018    0.014
    79  -5.2426   1.6708   0.1627   0.1947   0.1464   0.1333   0.1189   0.0057   0.0000   0.0308  -0.0016   -0.009
    80  -5.3078   1.6505   0.0540   0.0655   0.1466   0.0467   0.0417  -0.0026   0.0000   0.0110  -0.0010   -0.014

  Surface # 5     Leme                                    
     # Chordwise = 12   # Spanwise = 20     First strip = 81
     Surface area =   16.284016       Ave. chord =    2.933000
     CLsurf  =  -0.00000     Clsurf  =  -0.00000
     CYsurf  =   0.00000     Cmsurf  =   0.00000
     CDsurf  =   0.00000     Cnsurf  =   0.00000
     CDisurf =   0.00000     CDvsurf =   0.00000

  Forces referred to Ssurf, Cave about hinge axis thru LE
     CLsurf  =  -0.00000     CDsurf  =   0.00000
     Deflect =

 Strip Forces referred to Strip Area, Chord
    j      Yle    Chord     Area     c cl      ai      cl_norm  cl       cd       cdv    cm_c/4    cm_LE  C.P.x/c
    81   0.0000   4.1562   0.1420  -0.0000   0.0000  -0.0000  -0.0000  -0.0000   0.0000   0.0000   0.0000    0.935
    82   0.0000   4.1261   0.4196  -0.0000   0.0000  -0.0000  -0.0000   0.0000   0.0000   0.0000   0.0000    0.823
    83   0.0000   4.0666   0.6779  -0.0000  -0.0000  -0.0000  -0.0000  -0.0000   0.0000   0.0000   0.0000    0.500
    84   0.0000   3.9792   0.9057  -0.0000  -0.0000  -0.0000  -0.0000   0.0000   0.0000   0.0000   0.0000    0.821
    85   0.0000   3.8660   1.0937   0.0000   0.0000   0.0000   0.0000   0.0000   0.0000  -0.0000  -0.0000    0.375
    86   0.0000   3.7299   1.2355  -0.0000   0.0000  -0.0000  -0.0000   0.0000   0.0000  -0.0000  -0.0000
    87   0.0000   3.5741   1.3275  -0.0000  -0.0000  -0.0000  -0.0000   0.0000   0.0000  -0.0000  -0.0000
    88   0.0000   3.4026   1.3693  -0.0000  -0.0000  -0.0000  -0.0000   0.0000   0.0000  -0.0000  -0.0000   -0.541
    89   0.0000   3.2194   1.3637  -0.0000   0.0000  -0.0000  -0.0000  -0.0000   0.0000  -0.0000   0.0000    0.088
    90   0.0000   3.0293   1.3155   0.0000   0.0000   0.0000   0.0000   0.0000   0.0000   0.0000   0.0000
    91   0.0000   2.8367   1.2319  -0.0000   0.0000  -0.0000  -0.0000   0.0000   0.0000   0.0000   0.0000
    92   0.0000   2.6466   1.1210   0.0000  -0.0000   0.0000   0.0000   0.0000   0.0000   0.0000   0.0000
    93   0.0000   2.4634   0.9914   0.0000   0.0000   0.0000   0.0000   0.0000   0.0000   0.0000   0.0000   -0.789
    94   0.0000   2.2919   0.8512   0.0000  -0.0000   0.0000   0.0000  -0.0000   0.0000  -0.0000  -0.0000    0.591
    95   0.0000   2.1361   0.7076   0.0000  -0.0000   0.0000   0.0000  -0.0000   0.0000  -0.0000  -0.0000    1.212
    96   0.0000   2.0000   0.5658   0.0000  -0.0000   0.0000   0.0000   0.0000   0.0000  -0.0000  -0.0000    1.095
    97   0.0000   1.8868   0.4294   0.0000   0.0000   0.0000   0.0000  -0.0000   0.0000  -0.0000  -0.0000    0.709
    98   0.0000   1.7994   0.3000   0.0000  -0.0000   0.0000   0.0000  -0.0000   0.0000  -0.0000  -0.0000    1.632
    99   0.0000   1.7399   0.1769   0.0000  -0.0000   0.0000   0.0000   0.0000   0.0000  -0.0000  -0.0000    0.848
   100   0.0000   1.7098   0.0584   0.0000  -0.0000   0.0000   0.0000  -0.0000   0.0000  -0.0000  -0.0000    0.434

  Surface # 6     Nacelle                                 
     # Chordwise =  6   # Spanwise = 12     First strip =101
     Surface area =   12.516305       Ave. chord =    3.100000
     CLsurf  =   0.00957     Clsurf  =  -0.00204
     CYsurf  =   0.00532     Cmsurf  =   0.01343
     CDsurf  =  -0.00213     Cnsurf  =  -0.00025
     CDisurf =  -0.00213     CDvsurf =   0.00000

  Forces referred to Ssurf, Cave about hinge axis thru LE
     CLsurf  =  -0.00240     CDsurf  =  -0.01412
     Deflect =

 Strip Forces referred to Strip Area, Chord
    j      Yle    Chord     Area     c cl      ai      cl_norm  cl       cd       cdv    cm_c/4    cm_LE  C.P.x/c
   101   4.3625   3.1000   1.0431   0.2061   0.2210   0.0839   0.0835  -0.0598   0.0000   0.1234   0.1068
   102   4.6439   3.1000   1.0430   0.2092   0.2031   0.0774   0.0750  -0.0342   0.0000   0.1007   0.0838
   103   4.8064   3.1000   1.0431   0.1009   0.1227   0.0353   0.0333  -0.0094   0.0000   0.0590   0.0508
   104   4.8064   3.1000   1.0431  -0.0919  -0.0072  -0.0314  -0.0296   0.0019   0.0000   0.0153   0.0227    0.768
   105   4.6439   3.1000   1.0430  -0.3216  -0.1361  -0.1077  -0.1043   0.0063   0.0000  -0.0184   0.0075    0.073
   106   4.3625   3.1000   1.0431  -0.5138  -0.2177  -0.1692  -0.1685   0.0094   0.0000  -0.0376   0.0039    0.027
   107   4.0375   3.1000   1.0431  -0.6100  -0.2315  -0.2012  -0.2004   0.0097   0.0000  -0.0405   0.0087    0.048
   108   3.7560   3.1000   1.0430  -0.5948  -0.1820  -0.2000  -0.1938   0.0069   0.0000  -0.0274   0.0206    0.109
   109   3.5935   3.1000   1.0431  -0.4937  -0.0907  -0.1693  -0.1594   0.0029   0.0000   0.0001   0.0399    0.251
   110   3.5935   3.1000   1.0431  -0.3409   0.0160  -0.1165  -0.1096  -0.0084   0.0000   0.0385   0.0660    0.601
   111   3.7560   3.1000   1.0430  -0.1381   0.1149  -0.0398  -0.0385  -0.0363   0.0000   0.0815   0.0926
   112   4.0375   3.1000   1.0431   0.0809   0.1875   0.0417   0.0415  -0.0583   0.0000   0.1156   0.1091

  Surface # 7     Nacelle (YDUP)                          
     # Chordwise =  6   # Spanwise = 12     First strip =113
     Surface area =   12.516305       Ave. chord =    3.100000
     CLsurf  =   0.00957     Clsurf  =   0.00204
     CYsurf  =  -0.00532     Cmsurf  =   0.01343
     CDsurf  =  -0.00213     Cnsurf  =   0.00025
     CDisurf =  -0.00213     CDvsurf =   0.00000

  Forces referred to Ssurf, Cave about hinge axis thru LE
     CLsurf  =  -0.00240     CDsurf  =  -0.01412
     Deflect =

 Strip Forces referred to Strip Area, Chord
    j      Yle    Chord     Area     c cl      ai      cl_norm  cl       cd       cdv    cm_c/4    cm_LE  C.P.x/c
   113  -4.3625   3.1000   1.0431   0.2061   0.2210   0.0839   0.0835  -0.0598   0.0000   0.1234  -0.1068
   114  -4.6439   3.1000   1.0430   0.2092   0.2031   0.0774   0.0750  -0.0342   0.0000   0.1007  -0.0838
   115  -4.8064   3.1000   1.0431   0.1009   0.1227   0.0353   0.0333  -0.0094   0.0000   0.0590  -0.0508
   116  -4.8064   3.1000   1.0431  -0.0919  -0.0072  -0.0314  -0.0296   0.0019   0.0000   0.0153  -0.0227    0.768
   117  -4.6439   3.1000   1.0430  -0.3216  -0.1361  -0.1077  -0.1043   0.0063   0.0000  -0.0184  -0.0075    0.073
   118  -4.3625   3.1000   1.0431  -0.5138  -0.2177  -0.1692  -0.1685   0.0094   0.0000  -0.0376  -0.0039    0.027
   119  -4.0375   3.1000   1.0431  -0.6100  -0.2315  -0.2012  -0.2004   0.0097   0.0000  -0.0405  -0.0087    0.048
   120  -3.7560   3.1000   1.0430  -0.5948  -0.1820  -0.2000  -0.1938   0.0069   0.0000  -0.0274  -0.0206    0.109
   121  -3.5935   3.1000   1.0431  -0.4937  -0.0907  -0.1693  -0.1594   0.0029   0.0000   0.0001  -0.0399    0.251
   122  -3.5935   3.1000   1.0431  -0.3409   0.0160  -0.1165  -0.1096  -0.0084   0.0000   0.0385  -0.0660    0.601
   123  -3.7560   3.1000   1.0430  -0.1381   0.1149  -0.0398  -0.0385  -0.0363   0.0000   0.0815  -0.0926
   124  -4.0375   3.1000   1.0431   0.0809   0.1875   0.0417   0.0415  -0.0583   0.0000   0.1156  -0.1091
 ---------------------------------------------------------------
