 ---------------------------------------------------------------
 Surface and Strip Forces by surface

  Forces referred to Sref, Cref, Bref about Xref, Yref, Zref
 Standard axis orientation,  X fwd, Z down         

  Surface # 1     Asa Principal                           
     # Chordwise = 12   # Spanwise = 20     First strip =  1
     Surface area =   48.461990       Ave. chord =    3.192746
     CLsurf  =   0.79416     Clsurf  =  -0.18425
     CYsurf  =  -0.04017     Cmsurf  =   0.04718
     CDsurf  =   0.03958     Cnsurf  =  -0.04399
     CDisurf =   0.03958     CDvsurf =   0.00000

  Forces referred to Ssurf, Cave about hinge axis thru LE
     CLsurf  =   1.36021     CDsurf  =   0.06771
     Deflect =

 Strip Forces referred to Strip Area, Chord
    j      Yle    Chord     Area     c cl      ai      cl_norm  cl       cd       cdv    cm_c/4    cm_LE  C.P.x/c
     1   0.0226   4.9069   0.4448   5.9910   0.0623   1.1778   1.1065   0.5937   0.0000  -0.0510  -0.3447    0.296
     2   0.2030   4.8660   1.3125   5.4049   0.0663   1.1741   1.1030   0.1716   0.0000  -0.0603  -0.3272    0.305
     3   0.5592   4.7851   2.1159   5.3580   0.0780   1.1929   1.1207   0.1395   0.0000  -0.0540  -0.3235    0.298
     4   1.0825   4.6664   2.8172   5.3784   0.1032   1.2360   1.1612   0.1142   0.0000  -0.0450  -0.3230    0.289
     5   1.7600   4.5127   3.3864   5.4510   0.1319   1.3038   1.2249   0.0894   0.0000  -0.0357  -0.3276    0.279
     6   2.5750   4.3278   3.8025   5.4864   0.1462   1.3744   1.2913   0.0720   0.0000  -0.0286  -0.3354    0.272
     7   3.5025   4.1172   4.0131   5.3082   0.1429   1.3983   1.3138   0.0709   0.0000  -0.0298  -0.3419    0.273
     8   4.5186   3.8864   4.1046   5.0967   0.1285   1.4146   1.3291   0.1000   0.0000  -0.0345  -0.3517    0.276
     9   5.6031   3.6400   4.0461   5.0658   0.1087   1.5146   1.4231   0.0580   0.0000  -0.0246  -0.3617    0.267
    10   6.7295   3.3841   3.8566   4.8516   0.0900   1.5648   1.4702   0.0435   0.0000  -0.0229  -0.3703    0.266
    11   7.8699   3.1250   3.5614   4.5716   0.0771   1.5989   1.5023   0.0363   0.0000  -0.0228  -0.3773    0.265
    12   8.9962   2.8691   3.1892   4.2568   0.0701   1.6235   1.5254   0.0301   0.0000  -0.0225  -0.3820    0.265
    13  10.0808   2.6227   2.7700   3.9186   0.0675   1.6362   1.5374   0.0256   0.0000  -0.0218  -0.3839    0.264
    14  11.1925   2.3703   2.7541   3.5456   0.0684   1.6391   1.5398   0.0231   0.0000  -0.0207  -0.3833    0.263
    15  12.2923   2.1208   2.1976   3.1321   0.0755   1.6185   1.5205   0.0218   0.0000  -0.0177  -0.3758    0.262
    16  13.2536   1.9027   1.6839   2.6920   0.0917   1.5502   1.4563   0.0224   0.0000  -0.0112  -0.3546    0.258
    17  14.0526   1.7214   1.2257   2.1983   0.1195   1.3977   1.3131   0.0256   0.0000   0.0012  -0.3093    0.249
    18  14.6133   1.5941   0.6665   1.6368   0.1535   1.1221   1.0545   0.0251   0.0000   0.0184  -0.2321    0.233
    19  14.9501   1.5176   0.3871   1.0297   0.1834   0.7405   0.6959   0.0201   0.0000   0.0264  -0.1399    0.212
    20  15.1206   1.4789   0.1268   0.3526   0.2000   0.2631   0.2473  -0.0032   0.0000   0.0131  -0.0455    0.197

  Surface # 2     Asa Principal (YDUP)                    
     # Chordwise = 12   # Spanwise = 20     First strip = 21
     Surface area =   48.461990       Ave. chord =    3.192746
     CLsurf  =   0.79416     Clsurf  =   0.18425
     CYsurf  =   0.04017     Cmsurf  =   0.04718
     CDsurf  =   0.03958     Cnsurf  =   0.04399
     CDisurf =   0.03958     CDvsurf =   0.00000

  Forces referred to Ssurf, Cave about hinge axis thru LE
     CLsurf  =   1.36021     CDsurf  =   0.06772
     Deflect =

 Strip Forces referred to Strip Area, Chord
    j      Yle    Chord     Area     c cl      ai      cl_norm  cl       cd       cdv    cm_c/4    cm_LE  C.P.x/c
    21  -0.0226   4.9069   0.4448   5.9910   0.0623   1.1778   1.1065   0.5937   0.0000  -0.0510   0.3447    0.296
    22  -0.2030   4.8660   1.3125   5.4049   0.0663   1.1741   1.1030   0.1716   0.0000  -0.0603   0.3272    0.305
    23  -0.5592   4.7851   2.1159   5.3581   0.0780   1.1929   1.1207   0.1394   0.0000  -0.0540   0.3235    0.298
    24  -1.0825   4.6664   2.8172   5.3784   0.1032   1.2361   1.1613   0.1142   0.0000  -0.0450   0.3230    0.289
    25  -1.7600   4.5127   3.3864   5.4509   0.1319   1.3038   1.2249   0.0895   0.0000  -0.0357   0.3276    0.279
    26  -2.5750   4.3278   3.8025   5.4864   0.1462   1.3745   1.2913   0.0720   0.0000  -0.0286   0.3354    0.272
    27  -3.5025   4.1172   4.0131   5.3081   0.1429   1.3983   1.3138   0.0710   0.0000  -0.0298   0.3419    0.273
    28  -4.5186   3.8864   4.1046   5.0967   0.1285   1.4146   1.3291   0.1000   0.0000  -0.0345   0.3517    0.276
    29  -5.6031   3.6400   4.0461   5.0657   0.1087   1.5146   1.4231   0.0580   0.0000  -0.0246   0.3617    0.267
    30  -6.7295   3.3841   3.8566   4.8516   0.0900   1.5648   1.4702   0.0435   0.0000  -0.0229   0.3703    0.266
    31  -7.8699   3.1250   3.5614   4.5715   0.0771   1.5989   1.5023   0.0364   0.0000  -0.0228   0.3773    0.265
    32  -8.9962   2.8691   3.1892   4.2568   0.0701   1.6235   1.5254   0.0301   0.0000  -0.0225   0.3820    0.265
    33 -10.0808   2.6227   2.7700   3.9186   0.0675   1.6362   1.5374   0.0256   0.0000  -0.0218   0.3839    0.264
    34 -11.1925   2.3703   2.7541   3.5456   0.0684   1.6390   1.5398   0.0231   0.0000  -0.0207   0.3833    0.263
    35 -12.2923   2.1208   2.1976   3.1321   0.0755   1.6185   1.5205   0.0218   0.0000  -0.0177   0.3758    0.262
    36 -13.2536   1.9027   1.6839   2.6920   0.0917   1.5501   1.4563   0.0224   0.0000  -0.0112   0.3546    0.258
    37 -14.0526   1.7214   1.2257   2.1984   0.1195   1.3977   1.3131   0.0255   0.0000   0.0012   0.3093    0.249
    38 -14.6133   1.5941   0.6665   1.6368   0.1535   1.1221   1.0545   0.0251   0.0000   0.0184   0.2321    0.233
    39 -14.9501   1.5176   0.3871   1.0297   0.1834   0.7405   0.6959   0.0201   0.0000   0.0264   0.1399    0.212
    40 -15.1206   1.4789   0.1268   0.3526   0.2000   0.2631   0.2473  -0.0032   0.0000   0.0131   0.0455    0.197

  Surface # 3     Profundor                               
     # Chordwise = 12   # Spanwise = 20     First strip = 41
     Surface area =   15.328470       Ave. chord =    2.670000
     CLsurf  =   0.08720     Clsurf  =  -0.00862
     CYsurf  =  -0.00107     Cmsurf  =  -0.37825
     CDsurf  =   0.01247     Cnsurf  =  -0.00078
     CDisurf =   0.01247     CDvsurf =   0.00000

  Forces referred to Ssurf, Cave about hinge axis thru LE
     CLsurf  =   0.47168     CDsurf  =   0.06747
     Deflect =

 Strip Forces referred to Strip Area, Chord
    j      Yle    Chord     Area     c cl      ai      cl_norm  cl       cd       cdv    cm_c/4    cm_LE  C.P.x/c
    41   0.0088   3.5573   0.1257   1.2865   0.0727   0.3710   0.3310   0.1638   0.0000  -0.0509  -0.1291    0.404
    42   0.0793   3.5354   0.3718   1.2936   0.0777   0.4004   0.3572   0.0804   0.0000  -0.0506  -0.1298    0.392
    43   0.2185   3.4923   0.6020   1.3128   0.0852   0.4128   0.3683   0.0775   0.0000  -0.0483  -0.1300    0.381
    44   0.4230   3.4288   0.8070   1.3466   0.0974   0.4322   0.3856   0.0779   0.0000  -0.0429  -0.1289    0.361
    45   0.6878   3.3468   0.9790   1.3905   0.1131   0.4585   0.4090   0.0781   0.0000  -0.0342  -0.1261    0.334
    46   1.0063   3.2480   1.1125   1.4333   0.1283   0.4885   0.4358   0.0775   0.0000  -0.0237  -0.1224    0.304
    47   1.3707   3.1350   1.2040   1.4656   0.1400   0.5198   0.4637   0.0744   0.0000  -0.0141  -0.1197    0.280
    48   1.7720   3.0106   1.2528   1.4821   0.1479   0.5491   0.4899   0.0725   0.0000  -0.0067  -0.1186    0.264
    49   2.2004   2.8778   1.2604   1.4805   0.1529   0.5754   0.5133   0.0703   0.0000  -0.0015  -0.1189    0.253
    50   2.6453   2.7398   1.2303   1.4598   0.1562   0.5970   0.5326   0.0693   0.0000   0.0022  -0.1197    0.246
    51   3.0957   2.6002   1.1676   1.4194   0.1589   0.6126   0.5465   0.0676   0.0000   0.0051  -0.1200    0.241
    52   3.5406   2.4622   1.0784   1.3594   0.1618   0.6206   0.5536   0.0651   0.0000   0.0078  -0.1190    0.236
    53   3.9690   2.3294   0.9694   1.2793   0.1653   0.6176   0.5510   0.0637   0.0000   0.0108  -0.1156    0.230
    54   4.3703   2.2050   0.8468   1.1783   0.1698   0.6015   0.5366   0.0599   0.0000   0.0144  -0.1088    0.223
    55   4.7347   2.0920   0.7165   1.0548   0.1751   0.5678   0.5066   0.0557   0.0000   0.0187  -0.0981    0.213
    56   5.0532   1.9932   0.5831   0.9078   0.1808   0.5140   0.4586   0.0464   0.0000   0.0229  -0.0831    0.200
    57   5.3180   1.9112   0.4498   0.7371   0.1863   0.4354   0.3884   0.0390   0.0000   0.0257  -0.0646    0.184
    58   5.5225   1.8477   0.3185   0.5446   0.1909   0.3334   0.2974   0.0277   0.0000   0.0248  -0.0447    0.167
    59   5.6617   1.8046   0.1898   0.3345   0.1944   0.2110   0.1882   0.0129   0.0000   0.0183  -0.0256    0.153
    60   5.7322   1.7827   0.0630   0.1129   0.1964   0.0737   0.0657  -0.0011   0.0000   0.0067  -0.0084    0.149

  Surface # 4     Profundor (YDUP)                        
     # Chordwise = 12   # Spanwise = 20     First strip = 61
     Surface area =   15.328470       Ave. chord =    2.670000
     CLsurf  =   0.08721     Clsurf  =   0.00862
     CYsurf  =   0.00107     Cmsurf  =  -0.37825
     CDsurf  =   0.01247     Cnsurf  =   0.00079
     CDisurf =   0.01247     CDvsurf =   0.00000

  Forces referred to Ssurf, Cave about hinge axis thru LE
     CLsurf  =   0.47168     CDsurf  =   0.06746
     Deflect =

 Strip Forces referred to Strip Area, Chord
    j      Yle    Chord     Area     c cl      ai      cl_norm  cl       cd       cdv    cm_c/4    cm_LE  C.P.x/c
    61  -0.0088   3.5573   0.1257   1.2865   0.0727   0.3710   0.3310   0.1638   0.0000  -0.0509   0.1291    0.404
    62  -0.0793   3.5354   0.3718   1.2936   0.0777   0.4004   0.3572   0.0804   0.0000  -0.0506   0.1298    0.392
    63  -0.2185   3.4923   0.6020   1.3128   0.0852   0.4128   0.3683   0.0775   0.0000  -0.0483   0.1300    0.381
    64  -0.4230   3.4288   0.8070   1.3466   0.0974   0.4321   0.3855   0.0781   0.0000  -0.0429   0.1289    0.361
    65  -0.6878   3.3468   0.9790   1.3905   0.1131   0.4585   0.4090   0.0782   0.0000  -0.0342   0.1261    0.334
    66  -1.0063   3.2480   1.1125   1.4333   0.1283   0.4885   0.4358   0.0776   0.0000  -0.0237   0.1224    0.304
    67  -1.3707   3.1350   1.2040   1.4656   0.1400   0.5198   0.4638   0.0743   0.0000  -0.0141   0.1197    0.280
    68  -1.7720   3.0106   1.2528   1.4821   0.1479   0.5491   0.4899   0.0725   0.0000  -0.0067   0.1186    0.264
    69  -2.2004   2.8778   1.2604   1.4805   0.1529   0.5754   0.5133   0.0703   0.0000  -0.0015   0.1189    0.253
    70  -2.6453   2.7398   1.2303   1.4598   0.1562   0.5970   0.5326   0.0692   0.0000   0.0022   0.1197    0.246
    71  -3.0957   2.6002   1.1676   1.4194   0.1589   0.6126   0.5465   0.0676   0.0000   0.0051   0.1200    0.241
    72  -3.5406   2.4622   1.0784   1.3594   0.1618   0.6205   0.5536   0.0652   0.0000   0.0078   0.1190    0.236
    73  -3.9690   2.3294   0.9694   1.2793   0.1653   0.6176   0.5509   0.0639   0.0000   0.0108   0.1156    0.230
    74  -4.3703   2.2050   0.8468   1.1783   0.1698   0.6016   0.5367   0.0597   0.0000   0.0144   0.1088    0.223
    75  -4.7347   2.0920   0.7165   1.0548   0.1751   0.5679   0.5067   0.0553   0.0000   0.0187   0.0981    0.213
    76  -5.0532   1.9932   0.5831   0.9078   0.1808   0.5140   0.4586   0.0464   0.0000   0.0229   0.0831    0.200
    77  -5.3180   1.9112   0.4498   0.7371   0.1863   0.4354   0.3885   0.0388   0.0000   0.0257   0.0646    0.184
    78  -5.5225   1.8477   0.3185   0.5446   0.1909   0.3333   0.2974   0.0278   0.0000   0.0248   0.0447    0.167
    79  -5.6617   1.8046   0.1898   0.3345   0.1944   0.2110   0.1882   0.0129   0.0000   0.0183   0.0256    0.153
    80  -5.7322   1.7827   0.0630   0.1129   0.1964   0.0737   0.0657  -0.0011   0.0000   0.0067   0.0084    0.149

  Surface # 5     Leme                                    
     # Chordwise = 12   # Spanwise = 20     First strip = 81
     Surface area =   18.960655       Ave. chord =    3.167500
     CLsurf  =   0.00000     Clsurf  =   0.00000
     CYsurf  =   0.00000     Cmsurf  =  -0.00000
     CDsurf  =  -0.00000     Cnsurf  =  -0.00000
     CDisurf =  -0.00000     CDvsurf =   0.00000

  Forces referred to Ssurf, Cave about hinge axis thru LE
     CLsurf  =  -0.00000     CDsurf  =  -0.00000
     Deflect =

 Strip Forces referred to Strip Area, Chord
    j      Yle    Chord     Area     c cl      ai      cl_norm  cl       cd       cdv    cm_c/4    cm_LE  C.P.x/c
    81   0.0000   4.4889   0.1654  -0.0000  -0.0000  -0.0000  -0.0000  -0.0000   0.0000   0.0000   0.0000    0.277
    82   0.0000   4.4564   0.4886  -0.0000   0.0000  -0.0000  -0.0000   0.0000   0.0000   0.0000   0.0000    0.340
    83   0.0000   4.3921   0.7894  -0.0000  -0.0000  -0.0000  -0.0000   0.0000   0.0000  -0.0000   0.0000    0.225
    84   0.0000   4.2977   1.0546  -0.0000   0.0000  -0.0000  -0.0000   0.0000   0.0000  -0.0000   0.0000    0.183
    85   0.0000   4.1754   1.2736  -0.0000   0.0000  -0.0000  -0.0000  -0.0000   0.0000  -0.0000  -0.0000   -0.197
    86   0.0000   4.0283   1.4386  -0.0000   0.0000  -0.0000  -0.0000   0.0000   0.0000   0.0000   0.0000    0.255
    87   0.0000   3.8601   1.5458  -0.0000   0.0000  -0.0000  -0.0000   0.0000   0.0000  -0.0000   0.0000    0.249
    88   0.0000   3.6747   1.5945  -0.0000   0.0000  -0.0000  -0.0000  -0.0000   0.0000   0.0000   0.0000    0.316
    89   0.0000   3.4769   1.5878  -0.0000   0.0000  -0.0000  -0.0000  -0.0000   0.0000  -0.0000   0.0000    0.223
    90   0.0000   3.2715   1.5317  -0.0000   0.0000  -0.0000  -0.0000   0.0000   0.0000   0.0000   0.0000    0.329
    91   0.0000   3.0635   1.4344  -0.0000   0.0000  -0.0000  -0.0000  -0.0000   0.0000   0.0000   0.0000    0.255
    92   0.0000   2.8581   1.3052  -0.0000   0.0000  -0.0000  -0.0000  -0.0000   0.0000   0.0000   0.0000    0.477
    93   0.0000   2.6603   1.1543  -0.0000   0.0000  -0.0000  -0.0000  -0.0000   0.0000   0.0000   0.0000    0.377
    94   0.0000   2.4749   0.9911  -0.0000   0.0000  -0.0000  -0.0000   0.0000   0.0000   0.0000   0.0000    0.782
    95   0.0000   2.3067   0.8238  -0.0000  -0.0000  -0.0000  -0.0000  -0.0000   0.0000   0.0000   0.0000    0.848
    96   0.0000   2.1596   0.6587  -0.0000  -0.0000  -0.0000  -0.0000   0.0000   0.0000  -0.0000   0.0000    0.226
    97   0.0000   2.0373   0.4999  -0.0000   0.0000  -0.0000  -0.0000   0.0000   0.0000  -0.0000   0.0000   -0.015
    98   0.0000   1.9429   0.3492  -0.0000  -0.0000  -0.0000  -0.0000  -0.0000   0.0000  -0.0000   0.0000    0.059
    99   0.0000   1.8786   0.2060  -0.0000  -0.0000  -0.0000  -0.0000   0.0000   0.0000  -0.0000   0.0000   -0.099
   100   0.0000   1.8461   0.0680  -0.0000   0.0000  -0.0000  -0.0000  -0.0000   0.0000  -0.0000  -0.0000

  Surface # 6     Nacelle                                 
     # Chordwise =  6   # Spanwise = 12     First strip =101
     Surface area =   12.516305       Ave. chord =    3.100000
     CLsurf  =   0.00922     Clsurf  =  -0.00191
     CYsurf  =   0.00479     Cmsurf  =   0.01271
     CDsurf  =  -0.00263     Cnsurf  =  -0.00036
     CDisurf =  -0.00263     CDvsurf =   0.00000

  Forces referred to Ssurf, Cave about hinge axis thru LE
     CLsurf  =  -0.00031     CDsurf  =  -0.01741
     Deflect =

 Strip Forces referred to Strip Area, Chord
    j      Yle    Chord     Area     c cl      ai      cl_norm  cl       cd       cdv    cm_c/4    cm_LE  C.P.x/c
   101   4.3625   3.1000   1.0431   0.0754   0.2103   0.0433   0.0431  -0.0715   0.0000   0.1165   0.1105
   102   4.6439   3.1000   1.0430   0.0509   0.1847   0.0257   0.0248  -0.0435   0.0000   0.0977   0.0936
   103   4.8064   3.1000   1.0431  -0.0508   0.1041  -0.0166  -0.0156  -0.0117   0.0000   0.0596   0.0636
   104   4.8064   3.1000   1.0431  -0.2251  -0.0171  -0.0770  -0.0725   0.0044   0.0000   0.0178   0.0360    0.496
   105   4.6439   3.1000   1.0430  -0.4364  -0.1375  -0.1459  -0.1412   0.0104   0.0000  -0.0158   0.0194    0.138
   106   4.3625   3.1000   1.0431  -0.6154  -0.2139  -0.2022  -0.2014   0.0133   0.0000  -0.0354   0.0143    0.074
   107   4.0375   3.1000   1.0431  -0.7037  -0.2242  -0.2319  -0.2309   0.0126   0.0000  -0.0389   0.0179    0.082
   108   3.7560   3.1000   1.0430  -0.6854  -0.1718  -0.2306  -0.2233   0.0082   0.0000  -0.0264   0.0289    0.132
   109   3.5935   3.1000   1.0431  -0.5864  -0.0783  -0.2014  -0.1894   0.0027   0.0000  -0.0002   0.0471    0.249
   110   3.5935   3.1000   1.0431  -0.4444   0.0290  -0.1520  -0.1430  -0.0101   0.0000   0.0355   0.0714    0.498
   111   3.7560   3.1000   1.0430  -0.2627   0.1256  -0.0803  -0.0777  -0.0450   0.0000   0.0749   0.0961    1.213
   112   4.0375   3.1000   1.0431  -0.0398   0.1896   0.0066   0.0066  -0.0786   0.0000   0.1073   0.1105

  Surface # 7     Nacelle (YDUP)                          
     # Chordwise =  6   # Spanwise = 12     First strip =113
     Surface area =   12.516305       Ave. chord =    3.100000
     CLsurf  =   0.00922     Clsurf  =   0.00191
     CYsurf  =  -0.00479     Cmsurf  =   0.01271
     CDsurf  =  -0.00263     Cnsurf  =   0.00036
     CDisurf =  -0.00263     CDvsurf =   0.00000

  Forces referred to Ssurf, Cave about hinge axis thru LE
     CLsurf  =  -0.00031     CDsurf  =  -0.01741
     Deflect =

 Strip Forces referred to Strip Area, Chord
    j      Yle    Chord     Area     c cl      ai      cl_norm  cl       cd       cdv    cm_c/4    cm_LE  C.P.x/c
   113  -4.3625   3.1000   1.0431   0.0754   0.2103   0.0433   0.0431  -0.0715   0.0000   0.1165  -0.1105
   114  -4.6439   3.1000   1.0430   0.0509   0.1847   0.0257   0.0248  -0.0435   0.0000   0.0977  -0.0936
   115  -4.8064   3.1000   1.0431  -0.0508   0.1041  -0.0166  -0.0156  -0.0117   0.0000   0.0596  -0.0636
   116  -4.8064   3.1000   1.0431  -0.2251  -0.0171  -0.0770  -0.0725   0.0044   0.0000   0.0178  -0.0360    0.496
   117  -4.6439   3.1000   1.0430  -0.4364  -0.1375  -0.1459  -0.1412   0.0104   0.0000  -0.0158  -0.0194    0.138
   118  -4.3625   3.1000   1.0431  -0.6154  -0.2139  -0.2022  -0.2014   0.0133   0.0000  -0.0354  -0.0143    0.074
   119  -4.0375   3.1000   1.0431  -0.7037  -0.2242  -0.2319  -0.2309   0.0126   0.0000  -0.0389  -0.0179    0.082
   120  -3.7560   3.1000   1.0430  -0.6854  -0.1718  -0.2306  -0.2233   0.0082   0.0000  -0.0264  -0.0289    0.132
   121  -3.5935   3.1000   1.0431  -0.5864  -0.0783  -0.2014  -0.1894   0.0027   0.0000  -0.0002  -0.0471    0.249
   122  -3.5935   3.1000   1.0431  -0.4444   0.0290  -0.1520  -0.1430  -0.0101   0.0000   0.0355  -0.0714    0.498
   123  -3.7560   3.1000   1.0430  -0.2627   0.1256  -0.0803  -0.0777  -0.0450   0.0000   0.0749  -0.0961    1.213
   124  -4.0375   3.1000   1.0431  -0.0398   0.1896   0.0066   0.0066  -0.0786   0.0000   0.1073  -0.1105
 ---------------------------------------------------------------
