 ---------------------------------------------------------------
 Surface and Strip Forces by surface

  Forces referred to Sref, Cref, Bref about Xref, Yref, Zref
 Standard axis orientation,  X fwd, Z down         

  Surface # 1     Asa Principal                           
     # Chordwise = 12   # Spanwise = 20     First strip =  1
     Surface area =   48.461990       Ave. chord =    3.192746
     CLsurf  =   0.79437     Clsurf  =  -0.18431
     CYsurf  =  -0.04024     Cmsurf  =   0.04725
     CDsurf  =   0.04003     Cnsurf  =  -0.04404
     CDisurf =   0.04003     CDvsurf =   0.00000

  Forces referred to Ssurf, Cave about hinge axis thru LE
     CLsurf  =   1.36058     CDsurf  =   0.06848
     Deflect =

 Strip Forces referred to Strip Area, Chord
    j      Yle    Chord     Area     c cl      ai      cl_norm  cl       cd       cdv    cm_c/4    cm_LE  C.P.x/c
     1   0.0226   4.9069   0.4448   5.9914   0.0461   1.1774   1.1062   0.5945   0.0000  -0.0509  -0.3446    0.296
     2   0.2030   4.8660   1.3125   5.4051   0.0500   1.1740   1.1030   0.1723   0.0000  -0.0602  -0.3272    0.305
     3   0.5592   4.7851   2.1159   5.3582   0.0616   1.1928   1.1207   0.1402   0.0000  -0.0539  -0.3235    0.298
     4   1.0825   4.6664   2.8172   5.3787   0.0869   1.2361   1.1613   0.1149   0.0000  -0.0450  -0.3230    0.289
     5   1.7600   4.5127   3.3864   5.4515   0.1161   1.3039   1.2250   0.0901   0.0000  -0.0356  -0.3275    0.279
     6   2.5750   4.3278   3.8025   5.4873   0.1314   1.3747   1.2915   0.0727   0.0000  -0.0285  -0.3354    0.272
     7   3.5025   4.1172   4.0131   5.3093   0.1304   1.3986   1.3141   0.0717   0.0000  -0.0297  -0.3419    0.273
     8   4.5186   3.8864   4.1046   5.0979   0.1197   1.4149   1.3294   0.1008   0.0000  -0.0344  -0.3517    0.276
     9   5.6031   3.6400   4.0461   5.0672   0.1051   1.5150   1.4235   0.0588   0.0000  -0.0245  -0.3617    0.267
    10   6.7295   3.3841   3.8566   4.8530   0.0912   1.5653   1.4707   0.0443   0.0000  -0.0229  -0.3703    0.266
    11   7.8699   3.1250   3.5614   4.5730   0.0811   1.5995   1.5028   0.0372   0.0000  -0.0227  -0.3773    0.265
    12   8.9962   2.8691   3.1892   4.2582   0.0749   1.6241   1.5260   0.0309   0.0000  -0.0224  -0.3821    0.265
    13  10.0808   2.6227   2.7700   3.9200   0.0721   1.6368   1.5380   0.0265   0.0000  -0.0217  -0.3840    0.264
    14  11.1925   2.3703   2.7541   3.5470   0.0726   1.6398   1.5405   0.0239   0.0000  -0.0207  -0.3835    0.263
    15  12.2923   2.1208   2.1976   3.1334   0.0793   1.6192   1.5212   0.0227   0.0000  -0.0177  -0.3760    0.262
    16  13.2536   1.9027   1.6839   2.6933   0.0951   1.5509   1.4570   0.0232   0.0000  -0.0112  -0.3547    0.258
    17  14.0526   1.7214   1.2257   2.1994   0.1226   1.3984   1.3138   0.0262   0.0000   0.0012  -0.3094    0.249
    18  14.6133   1.5941   0.6665   1.6376   0.1565   1.1227   1.0551   0.0257   0.0000   0.0185  -0.2322    0.232
    19  14.9501   1.5176   0.3871   1.0302   0.1862   0.7409   0.6963   0.0205   0.0000   0.0264  -0.1399    0.212
    20  15.1206   1.4789   0.1268   0.3528   0.2028   0.2633   0.2474  -0.0031   0.0000   0.0131  -0.0455    0.197

  Surface # 2     Asa Principal (YDUP)                    
     # Chordwise = 12   # Spanwise = 20     First strip = 21
     Surface area =   48.461990       Ave. chord =    3.192746
     CLsurf  =   0.79437     Clsurf  =   0.18431
     CYsurf  =   0.04024     Cmsurf  =   0.04725
     CDsurf  =   0.04003     Cnsurf  =   0.04404
     CDisurf =   0.04003     CDvsurf =   0.00000

  Forces referred to Ssurf, Cave about hinge axis thru LE
     CLsurf  =   1.36057     CDsurf  =   0.06849
     Deflect =

 Strip Forces referred to Strip Area, Chord
    j      Yle    Chord     Area     c cl      ai      cl_norm  cl       cd       cdv    cm_c/4    cm_LE  C.P.x/c
    21  -0.0226   4.9069   0.4448   5.9914   0.0461   1.1774   1.1062   0.5945   0.0000  -0.0509   0.3446    0.296
    22  -0.2030   4.8660   1.3125   5.4051   0.0500   1.1740   1.1030   0.1724   0.0000  -0.0602   0.3272    0.305
    23  -0.5592   4.7851   2.1159   5.3582   0.0616   1.1929   1.1207   0.1401   0.0000  -0.0539   0.3235    0.298
    24  -1.0825   4.6664   2.8172   5.3787   0.0869   1.2361   1.1613   0.1148   0.0000  -0.0450   0.3230    0.289
    25  -1.7600   4.5127   3.3864   5.4515   0.1161   1.3039   1.2250   0.0902   0.0000  -0.0356   0.3275    0.279
    26  -2.5750   4.3278   3.8025   5.4873   0.1314   1.3747   1.2915   0.0727   0.0000  -0.0285   0.3354    0.272
    27  -3.5025   4.1172   4.0131   5.3092   0.1304   1.3985   1.3141   0.0717   0.0000  -0.0297   0.3419    0.273
    28  -4.5186   3.8864   4.1046   5.0979   0.1197   1.4149   1.3294   0.1008   0.0000  -0.0344   0.3517    0.276
    29  -5.6031   3.6400   4.0461   5.0671   0.1051   1.5150   1.4235   0.0588   0.0000  -0.0245   0.3617    0.267
    30  -6.7295   3.3841   3.8566   4.8530   0.0912   1.5653   1.4707   0.0443   0.0000  -0.0229   0.3703    0.266
    31  -7.8699   3.1250   3.5614   4.5730   0.0811   1.5994   1.5028   0.0373   0.0000  -0.0227   0.3773    0.265
    32  -8.9962   2.8691   3.1892   4.2582   0.0749   1.6241   1.5260   0.0309   0.0000  -0.0224   0.3821    0.265
    33 -10.0808   2.6227   2.7700   3.9200   0.0721   1.6368   1.5380   0.0265   0.0000  -0.0217   0.3840    0.264
    34 -11.1925   2.3703   2.7541   3.5470   0.0726   1.6397   1.5405   0.0239   0.0000  -0.0207   0.3835    0.263
    35 -12.2923   2.1208   2.1976   3.1334   0.0793   1.6192   1.5212   0.0227   0.0000  -0.0177   0.3760    0.262
    36 -13.2536   1.9027   1.6839   2.6933   0.0951   1.5509   1.4570   0.0232   0.0000  -0.0112   0.3547    0.258
    37 -14.0526   1.7214   1.2257   2.1994   0.1226   1.3984   1.3138   0.0262   0.0000   0.0012   0.3094    0.249
    38 -14.6133   1.5941   0.6665   1.6376   0.1565   1.1227   1.0551   0.0256   0.0000   0.0185   0.2322    0.232
    39 -14.9501   1.5176   0.3871   1.0302   0.1862   0.7409   0.6963   0.0205   0.0000   0.0264   0.1399    0.212
    40 -15.1206   1.4789   0.1268   0.3528   0.2028   0.2633   0.2474  -0.0031   0.0000   0.0131   0.0455    0.197

  Surface # 3     Profundor                               
     # Chordwise = 12   # Spanwise = 20     First strip = 41
     Surface area =   15.328470       Ave. chord =    2.670000
     CLsurf  =   0.04182     Clsurf  =  -0.00424
     CYsurf  =  -0.00067     Cmsurf  =  -0.17495
     CDsurf  =   0.00515     Cnsurf  =  -0.00043
     CDisurf =   0.00515     CDvsurf =   0.00000

  Forces referred to Ssurf, Cave about hinge axis thru LE
     CLsurf  =   0.22619     CDsurf  =   0.02783
     Deflect =

 Strip Forces referred to Strip Area, Chord
    j      Yle    Chord     Area     c cl      ai      cl_norm  cl       cd       cdv    cm_c/4    cm_LE  C.P.x/c
    41   0.0088   3.5573   0.1257   0.5315   0.0486   0.1551   0.1384   0.0614   0.0000  -0.0021  -0.0361    0.265
    42   0.0793   3.5354   0.3718   0.5352   0.0517   0.1664   0.1485   0.0305   0.0000  -0.0017  -0.0361    0.262
    43   0.2185   3.4923   0.6020   0.5471   0.0572   0.1728   0.1542   0.0296   0.0000   0.0004  -0.0355    0.248
    44   0.4230   3.4288   0.8070   0.5717   0.0671   0.1842   0.1644   0.0305   0.0000   0.0055  -0.0331    0.217
    45   0.6878   3.3468   0.9790   0.6079   0.0807   0.2012   0.1795   0.0316   0.0000   0.0142  -0.0285    0.171
    46   1.0063   3.2480   1.1125   0.6474   0.0942   0.2214   0.1976   0.0324   0.0000   0.0249  -0.0228    0.124
    47   1.3707   3.1350   1.2040   0.6815   0.1047   0.2427   0.2165   0.0313   0.0000   0.0348  -0.0179    0.089
    48   1.7720   3.0106   1.2528   0.7056   0.1118   0.2626   0.2342   0.0307   0.0000   0.0425  -0.0147    0.069
    49   2.2004   2.8778   1.2604   0.7178   0.1163   0.2802   0.2500   0.0298   0.0000   0.0480  -0.0131    0.058
    50   2.6453   2.7398   1.2303   0.7174   0.1191   0.2947   0.2629   0.0295   0.0000   0.0517  -0.0126    0.053
    51   3.0957   2.6002   1.1676   0.7043   0.1210   0.3054   0.2725   0.0288   0.0000   0.0544  -0.0122    0.050
    52   3.5406   2.4622   1.0784   0.6788   0.1225   0.3112   0.2777   0.0278   0.0000   0.0566  -0.0113    0.046
    53   3.9690   2.3294   0.9694   0.6407   0.1240   0.3107   0.2772   0.0271   0.0000   0.0586  -0.0093    0.039
    54   4.3703   2.2050   0.8468   0.5898   0.1255   0.3025   0.2699   0.0253   0.0000   0.0605  -0.0058    0.026
    55   4.7347   2.0920   0.7165   0.5257   0.1266   0.2844   0.2537   0.0230   0.0000   0.0621  -0.0007    0.005
    56   5.0532   1.9932   0.5831   0.4487   0.1270   0.2555   0.2279   0.0182   0.0000   0.0623   0.0055   -0.023
    57   5.3180   1.9112   0.4498   0.3602   0.1263   0.2141   0.1911   0.0145   0.0000   0.0592   0.0111   -0.060
    58   5.5225   1.8477   0.3185   0.2630   0.1251   0.1623   0.1448   0.0091   0.0000   0.0506   0.0137   -0.099
    59   5.6617   1.8046   0.1898   0.1600   0.1240   0.1020   0.0910   0.0025   0.0000   0.0346   0.0114   -0.130
    60   5.7322   1.7827   0.0630   0.0537   0.1235   0.0358   0.0319  -0.0029   0.0000   0.0123   0.0044   -0.136

  Surface # 4     Profundor (YDUP)                        
     # Chordwise = 12   # Spanwise = 20     First strip = 61
     Surface area =   15.328470       Ave. chord =    2.670000
     CLsurf  =   0.04182     Clsurf  =   0.00424
     CYsurf  =   0.00067     Cmsurf  =  -0.17495
     CDsurf  =   0.00515     Cnsurf  =   0.00043
     CDisurf =   0.00515     CDvsurf =   0.00000

  Forces referred to Ssurf, Cave about hinge axis thru LE
     CLsurf  =   0.22619     CDsurf  =   0.02783
     Deflect =

 Strip Forces referred to Strip Area, Chord
    j      Yle    Chord     Area     c cl      ai      cl_norm  cl       cd       cdv    cm_c/4    cm_LE  C.P.x/c
    61  -0.0088   3.5573   0.1257   0.5315   0.0486   0.1551   0.1384   0.0614   0.0000  -0.0021   0.0361    0.265
    62  -0.0793   3.5354   0.3718   0.5352   0.0517   0.1664   0.1485   0.0305   0.0000  -0.0017   0.0361    0.262
    63  -0.2185   3.4923   0.6020   0.5471   0.0572   0.1728   0.1542   0.0296   0.0000   0.0004   0.0355    0.248
    64  -0.4230   3.4288   0.8070   0.5717   0.0671   0.1842   0.1643   0.0306   0.0000   0.0055   0.0331    0.217
    65  -0.6878   3.3468   0.9790   0.6079   0.0807   0.2012   0.1795   0.0317   0.0000   0.0142   0.0285    0.171
    66  -1.0063   3.2480   1.1125   0.6474   0.0942   0.2214   0.1976   0.0324   0.0000   0.0249   0.0228    0.124
    67  -1.3707   3.1350   1.2040   0.6815   0.1047   0.2427   0.2165   0.0313   0.0000   0.0348   0.0179    0.089
    68  -1.7720   3.0106   1.2528   0.7056   0.1118   0.2626   0.2342   0.0307   0.0000   0.0425   0.0147    0.069
    69  -2.2004   2.8778   1.2604   0.7178   0.1163   0.2802   0.2500   0.0298   0.0000   0.0480   0.0131    0.058
    70  -2.6453   2.7398   1.2303   0.7174   0.1191   0.2947   0.2629   0.0295   0.0000   0.0517   0.0126    0.053
    71  -3.0957   2.6002   1.1676   0.7043   0.1210   0.3054   0.2725   0.0288   0.0000   0.0544   0.0122    0.050
    72  -3.5406   2.4622   1.0784   0.6788   0.1225   0.3112   0.2777   0.0278   0.0000   0.0566   0.0113    0.046
    73  -3.9690   2.3294   0.9694   0.6407   0.1240   0.3107   0.2772   0.0272   0.0000   0.0586   0.0093    0.039
    74  -4.3703   2.2050   0.8468   0.5898   0.1255   0.3025   0.2699   0.0253   0.0000   0.0605   0.0058    0.026
    75  -4.7347   2.0920   0.7165   0.5257   0.1266   0.2845   0.2538   0.0228   0.0000   0.0621   0.0007    0.005
    76  -5.0532   1.9932   0.5831   0.4487   0.1270   0.2555   0.2279   0.0182   0.0000   0.0623  -0.0055   -0.023
    77  -5.3180   1.9112   0.4498   0.3602   0.1263   0.2142   0.1911   0.0144   0.0000   0.0592  -0.0111   -0.060
    78  -5.5225   1.8477   0.3185   0.2630   0.1251   0.1623   0.1448   0.0092   0.0000   0.0506  -0.0137   -0.099
    79  -5.6617   1.8046   0.1898   0.1600   0.1240   0.1020   0.0910   0.0025   0.0000   0.0346  -0.0114   -0.130
    80  -5.7322   1.7827   0.0630   0.0537   0.1235   0.0358   0.0319  -0.0029   0.0000   0.0123  -0.0044   -0.136

  Surface # 5     Leme                                    
     # Chordwise = 12   # Spanwise = 20     First strip = 81
     Surface area =   18.960655       Ave. chord =    3.167500
     CLsurf  =   0.00000     Clsurf  =   0.00000
     CYsurf  =   0.00000     Cmsurf  =  -0.00000
     CDsurf  =   0.00000     Cnsurf  =  -0.00000
     CDisurf =   0.00000     CDvsurf =   0.00000

  Forces referred to Ssurf, Cave about hinge axis thru LE
     CLsurf  =  -0.00000     CDsurf  =   0.00000
     Deflect =

 Strip Forces referred to Strip Area, Chord
    j      Yle    Chord     Area     c cl      ai      cl_norm  cl       cd       cdv    cm_c/4    cm_LE  C.P.x/c
    81   0.0000   4.4889   0.1654  -0.0000  -0.0000  -0.0000  -0.0000  -0.0000   0.0000   0.0000   0.0000    0.302
    82   0.0000   4.4564   0.4886  -0.0000   0.0000  -0.0000  -0.0000   0.0000   0.0000   0.0000   0.0000    0.382
    83   0.0000   4.3921   0.7894  -0.0000  -0.0000  -0.0000  -0.0000   0.0000   0.0000  -0.0000   0.0000    0.247
    84   0.0000   4.2977   1.0546  -0.0000   0.0000  -0.0000  -0.0000   0.0000   0.0000  -0.0000   0.0000    0.226
    85   0.0000   4.1754   1.2736  -0.0000   0.0000  -0.0000  -0.0000  -0.0000   0.0000  -0.0000  -0.0000   -0.481
    86   0.0000   4.0283   1.4386  -0.0000   0.0000  -0.0000  -0.0000   0.0000   0.0000  -0.0000   0.0000    0.250
    87   0.0000   3.8601   1.5458  -0.0000   0.0000  -0.0000  -0.0000   0.0000   0.0000  -0.0000   0.0000    0.218
    88   0.0000   3.6747   1.5945  -0.0000   0.0000  -0.0000  -0.0000  -0.0000   0.0000   0.0000   0.0000    0.277
    89   0.0000   3.4769   1.5878  -0.0000   0.0000  -0.0000  -0.0000   0.0000   0.0000  -0.0000   0.0000    0.146
    90   0.0000   3.2715   1.5317  -0.0000   0.0000  -0.0000  -0.0000   0.0000   0.0000   0.0000   0.0000    0.324
    91   0.0000   3.0635   1.4344  -0.0000   0.0000  -0.0000  -0.0000   0.0000   0.0000   0.0000   0.0000    0.286
    92   0.0000   2.8581   1.3052  -0.0000  -0.0000  -0.0000  -0.0000   0.0000   0.0000   0.0000   0.0000    0.568
    93   0.0000   2.6603   1.1543  -0.0000   0.0000  -0.0000  -0.0000  -0.0000   0.0000   0.0000   0.0000    0.432
    94   0.0000   2.4749   0.9911  -0.0000  -0.0000  -0.0000  -0.0000  -0.0000   0.0000   0.0000   0.0000    0.881
    95   0.0000   2.3067   0.8238  -0.0000  -0.0000  -0.0000  -0.0000  -0.0000   0.0000   0.0000   0.0000    0.957
    96   0.0000   2.1596   0.6587  -0.0000  -0.0000  -0.0000  -0.0000   0.0000   0.0000  -0.0000   0.0000    0.201
    97   0.0000   2.0373   0.4999  -0.0000  -0.0000  -0.0000  -0.0000  -0.0000   0.0000  -0.0000   0.0000   -0.049
    98   0.0000   1.9429   0.3492  -0.0000   0.0000  -0.0000  -0.0000  -0.0000   0.0000  -0.0000   0.0000   -0.118
    99   0.0000   1.8786   0.2060  -0.0000  -0.0000  -0.0000  -0.0000   0.0000   0.0000  -0.0000   0.0000   -0.123
   100   0.0000   1.8461   0.0680  -0.0000   0.0000  -0.0000  -0.0000  -0.0000   0.0000  -0.0000  -0.0000

  Surface # 6     Nacelle                                 
     # Chordwise =  6   # Spanwise = 12     First strip =101
     Surface area =   12.516305       Ave. chord =    3.100000
     CLsurf  =   0.00923     Clsurf  =  -0.00191
     CYsurf  =   0.00479     Cmsurf  =   0.01273
     CDsurf  =  -0.00263     Cnsurf  =  -0.00037
     CDisurf =  -0.00263     CDvsurf =   0.00000

  Forces referred to Ssurf, Cave about hinge axis thru LE
     CLsurf  =  -0.00027     CDsurf  =  -0.01740
     Deflect =

 Strip Forces referred to Strip Area, Chord
    j      Yle    Chord     Area     c cl      ai      cl_norm  cl       cd       cdv    cm_c/4    cm_LE  C.P.x/c
   101   4.3625   3.1000   1.0431   0.0748   0.2061   0.0432   0.0430  -0.0716   0.0000   0.1166   0.1106
   102   4.6439   3.1000   1.0430   0.0501   0.1887   0.0255   0.0246  -0.0436   0.0000   0.0978   0.0937
   103   4.8064   3.1000   1.0431  -0.0516   0.1136  -0.0169  -0.0159  -0.0117   0.0000   0.0596   0.0638
   104   4.8064   3.1000   1.0431  -0.2261  -0.0057  -0.0774  -0.0728   0.0045   0.0000   0.0178   0.0361    0.495
   105   4.6439   3.1000   1.0430  -0.4376  -0.1268  -0.1463  -0.1416   0.0105   0.0000  -0.0158   0.0195    0.139
   106   4.3625   3.1000   1.0431  -0.6167  -0.2055  -0.2027  -0.2018   0.0135   0.0000  -0.0354   0.0143    0.075
   107   4.0375   3.1000   1.0431  -0.7051  -0.2196  -0.2324  -0.2314   0.0128   0.0000  -0.0389   0.0180    0.082
   108   3.7560   3.1000   1.0430  -0.6866  -0.1722  -0.2311  -0.2237   0.0083   0.0000  -0.0264   0.0290    0.132
   109   3.5935   3.1000   1.0431  -0.5874  -0.0846  -0.2018  -0.1897   0.0027   0.0000  -0.0002   0.0472    0.249
   110   3.5935   3.1000   1.0431  -0.4454   0.0172  -0.1524  -0.1433  -0.0101   0.0000   0.0355   0.0715    0.498
   111   3.7560   3.1000   1.0430  -0.2635   0.1113  -0.0805  -0.0780  -0.0451   0.0000   0.0750   0.0962    1.212
   112   4.0375   3.1000   1.0431  -0.0404   0.1781   0.0065   0.0065  -0.0788   0.0000   0.1074   0.1106

  Surface # 7     Nacelle (YDUP)                          
     # Chordwise =  6   # Spanwise = 12     First strip =113
     Surface area =   12.516305       Ave. chord =    3.100000
     CLsurf  =   0.00923     Clsurf  =   0.00191
     CYsurf  =  -0.00479     Cmsurf  =   0.01273
     CDsurf  =  -0.00263     Cnsurf  =   0.00037
     CDisurf =  -0.00263     CDvsurf =   0.00000

  Forces referred to Ssurf, Cave about hinge axis thru LE
     CLsurf  =  -0.00027     CDsurf  =  -0.01740
     Deflect =

 Strip Forces referred to Strip Area, Chord
    j      Yle    Chord     Area     c cl      ai      cl_norm  cl       cd       cdv    cm_c/4    cm_LE  C.P.x/c
   113  -4.3625   3.1000   1.0431   0.0748   0.2061   0.0432   0.0430  -0.0716   0.0000   0.1166  -0.1106
   114  -4.6439   3.1000   1.0430   0.0501   0.1887   0.0255   0.0246  -0.0436   0.0000   0.0978  -0.0937
   115  -4.8064   3.1000   1.0431  -0.0516   0.1136  -0.0169  -0.0159  -0.0117   0.0000   0.0596  -0.0638
   116  -4.8064   3.1000   1.0431  -0.2261  -0.0057  -0.0774  -0.0728   0.0045   0.0000   0.0178  -0.0361    0.495
   117  -4.6439   3.1000   1.0430  -0.4376  -0.1268  -0.1463  -0.1416   0.0105   0.0000  -0.0158  -0.0195    0.139
   118  -4.3625   3.1000   1.0431  -0.6167  -0.2055  -0.2027  -0.2018   0.0135   0.0000  -0.0354  -0.0143    0.075
   119  -4.0375   3.1000   1.0431  -0.7051  -0.2196  -0.2323  -0.2314   0.0128   0.0000  -0.0389  -0.0180    0.082
   120  -3.7560   3.1000   1.0430  -0.6866  -0.1722  -0.2311  -0.2237   0.0083   0.0000  -0.0264  -0.0290    0.132
   121  -3.5935   3.1000   1.0431  -0.5874  -0.0846  -0.2018  -0.1897   0.0027   0.0000  -0.0002  -0.0472    0.249
   122  -3.5935   3.1000   1.0431  -0.4454   0.0172  -0.1524  -0.1433  -0.0101   0.0000   0.0355  -0.0715    0.498
   123  -3.7560   3.1000   1.0430  -0.2635   0.1113  -0.0805  -0.0780  -0.0451   0.0000   0.0750  -0.0962    1.212
   124  -4.0375   3.1000   1.0431  -0.0404   0.1781   0.0065   0.0065  -0.0788   0.0000   0.1074  -0.1106
 ---------------------------------------------------------------
