 ---------------------------------------------------------------
 Surface and Strip Forces by surface

  Forces referred to Sref, Cref, Bref about Xref, Yref, Zref
 Standard axis orientation,  X fwd, Z down         

  Surface # 1     Asa Principal                           
     # Chordwise = 12   # Spanwise = 20     First strip =  1
     Surface area =   52.874416       Ave. chord =    3.215805
     CLsurf  =   0.65557     Clsurf  =  -0.13710
     CYsurf  =  -0.00638     Cmsurf  =  -0.20250
     CDsurf  =   0.02959     Cnsurf  =  -0.03610
     CDisurf =   0.02959     CDvsurf =   0.00000

  Forces referred to Ssurf, Cave about hinge axis thru LE
     CLsurf  =   1.30593     CDsurf  =   0.05904
     Deflect =

 Strip Forces referred to Strip Area, Chord
    j      Yle    Chord     Area     c cl      ai      cl_norm  cl       cd       cdv    cm_c/4    cm_LE  C.P.x/c
     1   0.0245   4.9426   0.4854   5.4947  -0.0246   1.1615   0.9849   0.6227   0.0000  -0.0718  -0.3211    0.323
     2   0.2199   4.9014   1.4323   5.0327  -0.0102   1.1961   1.0142   0.1806   0.0000  -0.0734  -0.3035    0.322
     3   0.6058   4.8199   2.3089   5.0018   0.0119   1.2212   1.0355   0.1427   0.0000  -0.0611  -0.2951    0.309
     4   1.1727   4.7002   3.0742   5.0212   0.0466   1.2660   1.0735   0.1188   0.0000  -0.0482  -0.2907    0.295
     5   1.9067   4.5452   3.6951   5.1503   0.0814   1.3564   1.1501   0.0826   0.0000  -0.0350  -0.2940    0.280
     6   2.7897   4.3587   4.1490   5.1725   0.0990   1.4297   1.2123   0.0569   0.0000  -0.0277  -0.2998    0.273
     7   3.7943   4.1466   4.3781   4.8436   0.1007   1.4017   1.1885   0.0740   0.0000  -0.0334  -0.3009    0.278
     8   4.8950   3.9142   4.4780   4.9617   0.0974   1.5185   1.2876   0.0887   0.0000  -0.0280  -0.3186    0.272
     9   6.0698   3.6661   4.4143   4.9232   0.0915   1.6223   1.3756   0.0504   0.0000  -0.0211  -0.3299    0.265
    10   7.2899   3.4085   4.2077   4.7229   0.0851   1.6831   1.4272   0.0227   0.0000  -0.0198  -0.3385    0.264
    11   8.5252   3.1476   3.8857   4.4538   0.0791   1.7181   1.4568   0.0253   0.0000  -0.0199  -0.3455    0.264
    12   9.7452   2.8900   3.4798   4.1543   0.0744   1.7480   1.4822   0.0173   0.0000  -0.0195  -0.3504    0.263
    13  10.9201   2.6419   3.0224   3.8424   0.0720   1.7670   1.4983   0.0226   0.0000  -0.0188  -0.3537    0.263
    14  12.1242   2.3876   3.0047   3.4924   0.0724   1.7806   1.5098   0.0116   0.0000  -0.0183  -0.3552    0.262
    15  13.3154   2.1361   2.3974   3.1123   0.0795   1.7738   1.5041   0.0110   0.0000  -0.0154  -0.3513    0.260
    16  14.3565   1.9163   1.8369   2.7080   0.0976   1.7221   1.4603   0.0050   0.0000  -0.0092  -0.3356    0.256
    17  15.2219   1.7335   1.3369   2.2416   0.1308   1.5776   1.3377  -0.0009   0.0000   0.0047  -0.2954    0.246
    18  15.8292   1.6053   0.7271   1.6966   0.1722   1.2904   1.0941  -0.0039   0.0000   0.0266  -0.2211    0.226
    19  16.1941   1.5282   0.4223   1.0798   0.2060   0.8643   0.7329  -0.0079   0.0000   0.0379  -0.1298    0.198
    20  16.3788   1.4892   0.1383   0.3722   0.2234   0.3143   0.2665  -0.0302   0.0000   0.0190  -0.0409    0.179

  Surface # 2     Asa Principal (YDUP)                    
     # Chordwise = 12   # Spanwise = 20     First strip = 21
     Surface area =   52.874416       Ave. chord =    3.215805
     CLsurf  =   0.65557     Clsurf  =   0.13710
     CYsurf  =   0.00637     Cmsurf  =  -0.20250
     CDsurf  =   0.02958     Cnsurf  =   0.03611
     CDisurf =   0.02958     CDvsurf =   0.00000

  Forces referred to Ssurf, Cave about hinge axis thru LE
     CLsurf  =   1.30593     CDsurf  =   0.05902
     Deflect =

 Strip Forces referred to Strip Area, Chord
    j      Yle    Chord     Area     c cl      ai      cl_norm  cl       cd       cdv    cm_c/4    cm_LE  C.P.x/c
    21  -0.0245   4.9426   0.4854   5.4947  -0.0246   1.1615   0.9849   0.6227   0.0000  -0.0718   0.3211    0.323
    22  -0.2199   4.9014   1.4323   5.0327  -0.0102   1.1961   1.0142   0.1806   0.0000  -0.0734   0.3035    0.322
    23  -0.6058   4.8199   2.3089   5.0018   0.0119   1.2212   1.0355   0.1427   0.0000  -0.0611   0.2951    0.309
    24  -1.1727   4.7002   3.0742   5.0212   0.0466   1.2660   1.0735   0.1189   0.0000  -0.0482   0.2907    0.295
    25  -1.9067   4.5452   3.6951   5.1503   0.0814   1.3564   1.1501   0.0826   0.0000  -0.0350   0.2940    0.280
    26  -2.7897   4.3587   4.1490   5.1725   0.0990   1.4298   1.2123   0.0568   0.0000  -0.0277   0.2998    0.273
    27  -3.7943   4.1466   4.3781   4.8436   0.1007   1.4017   1.1886   0.0739   0.0000  -0.0334   0.3009    0.278
    28  -4.8950   3.9142   4.4780   4.9617   0.0974   1.5185   1.2876   0.0888   0.0000  -0.0280   0.3186    0.272
    29  -6.0698   3.6661   4.4143   4.9232   0.0915   1.6223   1.3756   0.0503   0.0000  -0.0211   0.3299    0.265
    30  -7.2899   3.4085   4.2077   4.7229   0.0851   1.6831   1.4272   0.0226   0.0000  -0.0198   0.3385    0.264
    31  -8.5252   3.1476   3.8857   4.4538   0.0791   1.7181   1.4568   0.0253   0.0000  -0.0199   0.3455    0.264
    32  -9.7452   2.8900   3.4798   4.1543   0.0744   1.7480   1.4822   0.0173   0.0000  -0.0195   0.3504    0.263
    33 -10.9201   2.6419   3.0224   3.8424   0.0720   1.7670   1.4983   0.0226   0.0000  -0.0188   0.3537    0.263
    34 -12.1242   2.3876   3.0047   3.4924   0.0724   1.7806   1.5098   0.0116   0.0000  -0.0183   0.3552    0.262
    35 -13.3154   2.1361   2.3974   3.1123   0.0795   1.7738   1.5041   0.0110   0.0000  -0.0154   0.3513    0.260
    36 -14.3565   1.9163   1.8369   2.7080   0.0976   1.7221   1.4603   0.0050   0.0000  -0.0092   0.3356    0.256
    37 -15.2219   1.7335   1.3369   2.2416   0.1308   1.5776   1.3377  -0.0010   0.0000   0.0047   0.2954    0.246
    38 -15.8292   1.6053   0.7271   1.6965   0.1722   1.2904   1.0941  -0.0040   0.0000   0.0266   0.2211    0.226
    39 -16.1941   1.5282   0.4223   1.0798   0.2060   0.8643   0.7329  -0.0079   0.0000   0.0379   0.1298    0.198
    40 -16.3788   1.4892   0.1383   0.3722   0.2234   0.3143   0.2665  -0.0302   0.0000   0.0190   0.0409    0.179

  Surface # 3     Profundor                               
     # Chordwise = 12   # Spanwise = 20     First strip = 41
     Surface area =   16.118088       Ave. chord =    3.034850
     CLsurf  =  -0.02199     Clsurf  =   0.00136
     CYsurf  =  -0.00068     Cmsurf  =   0.10445
     CDsurf  =  -0.00165     Cnsurf  =   0.00051
     CDisurf =  -0.00165     CDvsurf =   0.00000

  Forces referred to Ssurf, Cave about hinge axis thru LE
     CLsurf  =  -0.14394     CDsurf  =  -0.01082
     Deflect =

 Strip Forces referred to Strip Area, Chord
    j      Yle    Chord     Area     c cl      ai      cl_norm  cl       cd       cdv    cm_c/4    cm_LE  C.P.x/c
    41   0.0082   4.3315   0.1416  -0.6702  -0.0046  -0.2232  -0.1845   0.0932   0.0000   0.0926   0.1121    0.752
    42   0.0734   4.2996   0.4182  -0.6714  -0.0046  -0.1931  -0.1596  -0.0070   0.0000   0.0935   0.1131    0.836
    43   0.2021   4.2365   0.6756  -0.6705  -0.0029  -0.1940  -0.1604  -0.0124   0.0000   0.0954   0.1152    0.845
    44   0.3913   4.1438   0.9022  -0.6610   0.0027  -0.1952  -0.1614  -0.0136   0.0000   0.0991   0.1187    0.864
    45   0.6362   4.0239   1.0890  -0.6370   0.0126  -0.1938  -0.1602  -0.0134   0.0000   0.1055   0.1238    0.908
    46   0.9309   3.8796   1.2293  -0.6002   0.0241  -0.1896  -0.1567  -0.0123   0.0000   0.1139   0.1302    0.976
    47   1.2680   3.7144   1.3197  -0.5580   0.0345  -0.1843  -0.1523  -0.0114   0.0000   0.1228   0.1369    1.056
    48   1.6393   3.5326   1.3600  -0.5164   0.0424  -0.1793  -0.1482  -0.0111   0.0000   0.1307   0.1428    1.132
    49   2.0356   3.3385   1.3527  -0.4774   0.0480  -0.1755  -0.1450  -0.0107   0.0000   0.1370   0.1474    1.194
    50   2.4472   3.1369   1.3031  -0.4412   0.0516  -0.1725  -0.1426  -0.0108   0.0000   0.1415   0.1508    1.242
    51   2.8638   2.9328   1.2183  -0.4075   0.0536  -0.1699  -0.1405  -0.0122   0.0000   0.1446   0.1531    1.279
    52   3.2754   2.7312   1.1066  -0.3758   0.0543  -0.1683  -0.1392  -0.0119   0.0000   0.1465   0.1544    1.303
    53   3.6717   2.5371   0.9767  -0.3459   0.0536  -0.1670  -0.1381  -0.0109   0.0000   0.1473   0.1548    1.317
    54   4.0430   2.3553   0.8368  -0.3170   0.0511  -0.1646  -0.1360  -0.0118   0.0000   0.1469   0.1541    1.329
    55   4.3801   2.1901   0.6940  -0.2879   0.0461  -0.1607  -0.1329  -0.0116   0.0000   0.1443   0.1513    1.336
    56   4.6748   2.0458   0.5536  -0.2560   0.0382  -0.1526  -0.1261  -0.0125   0.0000   0.1380   0.1445    1.344
    57   4.9197   1.9259   0.4193  -0.2175   0.0279  -0.1370  -0.1133  -0.0134   0.0000   0.1251   0.1309    1.354
    58   5.1089   1.8332   0.2923  -0.1684   0.0172  -0.1108  -0.0916  -0.0128   0.0000   0.1023   0.1069    1.367
    59   5.2376   1.7701   0.1722  -0.1072   0.0087  -0.0719  -0.0594  -0.0122   0.0000   0.0680   0.0710    1.394
    60   5.3028   1.7382   0.0568  -0.0369   0.0037  -0.0235  -0.0195  -0.0095   0.0000   0.0240   0.0250    1.482

  Surface # 4     Profundor (YDUP)                        
     # Chordwise = 12   # Spanwise = 20     First strip = 61
     Surface area =   16.118088       Ave. chord =    3.034850
     CLsurf  =  -0.02199     Clsurf  =  -0.00136
     CYsurf  =   0.00068     Cmsurf  =   0.10445
     CDsurf  =  -0.00165     Cnsurf  =  -0.00051
     CDisurf =  -0.00165     CDvsurf =   0.00000

  Forces referred to Ssurf, Cave about hinge axis thru LE
     CLsurf  =  -0.14394     CDsurf  =  -0.01082
     Deflect =

 Strip Forces referred to Strip Area, Chord
    j      Yle    Chord     Area     c cl      ai      cl_norm  cl       cd       cdv    cm_c/4    cm_LE  C.P.x/c
    61  -0.0082   4.3315   0.1416  -0.6702  -0.0046  -0.2232  -0.1845   0.0932   0.0000   0.0926  -0.1121    0.752
    62  -0.0734   4.2996   0.4182  -0.6714  -0.0046  -0.1931  -0.1596  -0.0070   0.0000   0.0935  -0.1131    0.836
    63  -0.2021   4.2365   0.6756  -0.6705  -0.0029  -0.1940  -0.1604  -0.0124   0.0000   0.0954  -0.1152    0.845
    64  -0.3913   4.1438   0.9022  -0.6610   0.0027  -0.1952  -0.1614  -0.0136   0.0000   0.0991  -0.1187    0.864
    65  -0.6362   4.0239   1.0890  -0.6370   0.0126  -0.1938  -0.1602  -0.0134   0.0000   0.1055  -0.1238    0.908
    66  -0.9309   3.8796   1.2293  -0.6002   0.0241  -0.1896  -0.1567  -0.0123   0.0000   0.1139  -0.1302    0.976
    67  -1.2680   3.7144   1.3197  -0.5580   0.0345  -0.1843  -0.1523  -0.0114   0.0000   0.1228  -0.1369    1.056
    68  -1.6393   3.5326   1.3600  -0.5164   0.0424  -0.1793  -0.1482  -0.0111   0.0000   0.1307  -0.1428    1.132
    69  -2.0356   3.3385   1.3527  -0.4774   0.0480  -0.1755  -0.1451  -0.0107   0.0000   0.1370  -0.1474    1.194
    70  -2.4472   3.1369   1.3031  -0.4412   0.0516  -0.1725  -0.1426  -0.0108   0.0000   0.1415  -0.1508    1.242
    71  -2.8638   2.9328   1.2183  -0.4075   0.0536  -0.1699  -0.1405  -0.0122   0.0000   0.1446  -0.1531    1.279
    72  -3.2754   2.7312   1.1066  -0.3758   0.0543  -0.1683  -0.1392  -0.0119   0.0000   0.1465  -0.1544    1.303
    73  -3.6717   2.5371   0.9767  -0.3459   0.0536  -0.1670  -0.1381  -0.0109   0.0000   0.1473  -0.1548    1.317
    74  -4.0430   2.3553   0.8368  -0.3170   0.0511  -0.1646  -0.1360  -0.0118   0.0000   0.1469  -0.1541    1.329
    75  -4.3801   2.1901   0.6940  -0.2879   0.0461  -0.1607  -0.1329  -0.0116   0.0000   0.1443  -0.1513    1.336
    76  -4.6748   2.0458   0.5536  -0.2560   0.0382  -0.1525  -0.1261  -0.0126   0.0000   0.1380  -0.1445    1.344
    77  -4.9197   1.9259   0.4193  -0.2175   0.0279  -0.1370  -0.1133  -0.0134   0.0000   0.1251  -0.1309    1.354
    78  -5.1089   1.8332   0.2923  -0.1684   0.0172  -0.1108  -0.0916  -0.0128   0.0000   0.1023  -0.1069    1.367
    79  -5.2376   1.7701   0.1722  -0.1072   0.0087  -0.0719  -0.0594  -0.0122   0.0000   0.0680  -0.0710    1.394
    80  -5.3028   1.7382   0.0568  -0.0369   0.0037  -0.0235  -0.0195  -0.0095   0.0000   0.0240  -0.0250    1.482

  Surface # 5     Leme                                    
     # Chordwise = 12   # Spanwise = 20     First strip = 81
     Surface area =   22.210484       Ave. chord =    4.712800
     CLsurf  =  -0.00000     Clsurf  =   0.00000
     CYsurf  =   0.00000     Cmsurf  =   0.00000
     CDsurf  =  -0.00000     Cnsurf  =  -0.00000
     CDisurf =  -0.00000     CDvsurf =   0.00000

  Forces referred to Ssurf, Cave about hinge axis thru LE
     CLsurf  =  -0.00000     CDsurf  =  -0.00000
     Deflect =

 Strip Forces referred to Strip Area, Chord
    j      Yle    Chord     Area     c cl      ai      cl_norm  cl       cd       cdv    cm_c/4    cm_LE  C.P.x/c
    81   0.0000   5.2348   0.1519   0.0000  -0.0000   0.0000   0.0000   0.0000   0.0000   0.0000  -0.0000    0.031
    82   0.0000   5.2219   0.4508   0.0000  -0.0000   0.0000   0.0000   0.0000   0.0000  -0.0000  -0.0000    0.489
    83   0.0000   5.1965   0.7353   0.0000  -0.0000   0.0000   0.0000  -0.0000   0.0000   0.0000   0.0000   -0.419
    84   0.0000   5.1592   0.9968   0.0000  -0.0000   0.0000   0.0000   0.0000   0.0000  -0.0000  -0.0000    0.274
    85   0.0000   5.1109   1.2273   0.0000   0.0000   0.0000   0.0000   0.0000   0.0000   0.0000   0.0000   -0.293
    86   0.0000   5.0529   1.4207   0.0000   0.0000   0.0000   0.0000   0.0000   0.0000   0.0000  -0.0000    0.184
    87   0.0000   4.9864   1.5721   0.0000   0.0000   0.0000   0.0000   0.0000   0.0000  -0.0000  -0.0000    0.519
    88   0.0000   4.9132   1.6784   0.0000   0.0000   0.0000   0.0000   0.0000   0.0000  -0.0000  -0.0000    0.267
    89   0.0000   4.8350   1.7384   0.0000   0.0000   0.0000   0.0000  -0.0000   0.0000  -0.0000  -0.0000    0.375
    90   0.0000   4.7539   1.7524   0.0000   0.0000   0.0000   0.0000  -0.0000   0.0000   0.0000  -0.0000   -0.169
    91   0.0000   4.6717   1.7221  -0.0000   0.0000  -0.0000  -0.0000  -0.0000   0.0000   0.0000   0.0000    0.477
    92   0.0000   4.5906   1.6505  -0.0000   0.0000  -0.0000  -0.0000  -0.0000   0.0000   0.0000   0.0000    0.604
    93   0.0000   4.5124   1.5415  -0.0000   0.0000  -0.0000  -0.0000   0.0000   0.0000   0.0000   0.0000    0.616
    94   0.0000   4.4392   1.3996  -0.0000  -0.0000  -0.0000  -0.0000   0.0000   0.0000   0.0000   0.0000    0.370
    95   0.0000   4.3727   1.2295  -0.0000  -0.0000  -0.0000  -0.0000  -0.0000   0.0000   0.0000   0.0000    0.446
    96   0.0000   4.3147   1.0361  -0.0000  -0.0000  -0.0000  -0.0000   0.0000   0.0000   0.0000   0.0000    0.331
    97   0.0000   4.2664   0.8243  -0.0000  -0.0000  -0.0000  -0.0000   0.0000   0.0000   0.0000   0.0000    0.339
    98   0.0000   4.2291   0.5984  -0.0000  -0.0000  -0.0000  -0.0000  -0.0000   0.0000   0.0000   0.0000    0.485
    99   0.0000   4.2037   0.3629  -0.0000  -0.0000  -0.0000  -0.0000  -0.0000   0.0000   0.0000   0.0000    0.381
   100   0.0000   4.1908   0.1216  -0.0000  -0.0000  -0.0000  -0.0000   0.0000   0.0000   0.0000   0.0000    0.399

  Surface # 6     Nacelle                                 
     # Chordwise =  6   # Spanwise = 12     First strip =101
     Surface area =   12.516305       Ave. chord =    3.100000
     CLsurf  =   0.00930     Clsurf  =  -0.00162
     CYsurf  =   0.00521     Cmsurf  =   0.01147
     CDsurf  =  -0.00147     Cnsurf  =  -0.00019
     CDisurf =  -0.00147     CDvsurf =   0.00000

  Forces referred to Ssurf, Cave about hinge axis thru LE
     CLsurf  =  -0.00321     CDsurf  =  -0.01237
     Deflect =

 Strip Forces referred to Strip Area, Chord
    j      Yle    Chord     Area     c cl      ai      cl_norm  cl       cd       cdv    cm_c/4    cm_LE  C.P.x/c
   101   4.3625   3.1000   1.0431   0.6511   0.2550   0.2252   0.2242  -0.0295   0.0000   0.1280   0.0755   -0.321
   102   4.6439   3.1000   1.0430   0.6469   0.2767   0.2225   0.2153  -0.0159   0.0000   0.0963   0.0442   -0.198
   103   4.8064   3.1000   1.0431   0.5016   0.1930   0.1731   0.1626  -0.0058   0.0000   0.0482   0.0078   -0.047
   104   4.8064   3.1000   1.0431   0.2472   0.0309   0.0847   0.0795  -0.0053   0.0000   0.0036  -0.0163    0.204
   105   4.6439   3.1000   1.0430  -0.0373  -0.1282  -0.0139  -0.0135  -0.0065   0.0000  -0.0286  -0.0256
   106   4.3625   3.1000   1.0431  -0.2643  -0.2309  -0.0896  -0.0892  -0.0048   0.0000  -0.0460  -0.0247   -0.266
   107   4.0375   3.1000   1.0431  -0.3755  -0.2596  -0.1262  -0.1257  -0.0026   0.0000  -0.0472  -0.0169   -0.126
   108   3.7560   3.1000   1.0430  -0.3594  -0.2214  -0.1220  -0.1180  -0.0007   0.0000  -0.0318  -0.0028   -0.019
   109   3.5935   3.1000   1.0431  -0.2431  -0.1383  -0.0836  -0.0785   0.0012   0.0000  -0.0006   0.0190    0.243
   110   3.5935   3.1000   1.0431  -0.0578  -0.0334  -0.0195  -0.0183  -0.0052   0.0000   0.0439   0.0485
   111   3.7560   3.1000   1.0430   0.1944   0.0759   0.0715   0.0692  -0.0284   0.0000   0.0929   0.0772
   112   4.0375   3.1000   1.0431   0.4835   0.1799   0.1731   0.1724  -0.0449   0.0000   0.1268   0.0879   -0.486

  Surface # 7     Nacelle (YDUP)                          
     # Chordwise =  6   # Spanwise = 12     First strip =113
     Surface area =   12.516305       Ave. chord =    3.100000
     CLsurf  =   0.00930     Clsurf  =   0.00162
     CYsurf  =  -0.00521     Cmsurf  =   0.01147
     CDsurf  =  -0.00147     Cnsurf  =   0.00019
     CDisurf =  -0.00147     CDvsurf =   0.00000

  Forces referred to Ssurf, Cave about hinge axis thru LE
     CLsurf  =  -0.00321     CDsurf  =  -0.01237
     Deflect =

 Strip Forces referred to Strip Area, Chord
    j      Yle    Chord     Area     c cl      ai      cl_norm  cl       cd       cdv    cm_c/4    cm_LE  C.P.x/c
   113  -4.3625   3.1000   1.0431   0.6511   0.2550   0.2252   0.2242  -0.0295   0.0000   0.1280  -0.0755   -0.321
   114  -4.6439   3.1000   1.0430   0.6469   0.2767   0.2225   0.2153  -0.0159   0.0000   0.0963  -0.0442   -0.198
   115  -4.8064   3.1000   1.0431   0.5016   0.1930   0.1731   0.1626  -0.0058   0.0000   0.0482  -0.0078   -0.047
   116  -4.8064   3.1000   1.0431   0.2472   0.0309   0.0847   0.0795  -0.0053   0.0000   0.0036   0.0163    0.204
   117  -4.6439   3.1000   1.0430  -0.0373  -0.1282  -0.0139  -0.0135  -0.0065   0.0000  -0.0286   0.0256
   118  -4.3625   3.1000   1.0431  -0.2643  -0.2309  -0.0896  -0.0892  -0.0048   0.0000  -0.0460   0.0247   -0.266
   119  -4.0375   3.1000   1.0431  -0.3755  -0.2596  -0.1262  -0.1257  -0.0026   0.0000  -0.0472   0.0169   -0.126
   120  -3.7560   3.1000   1.0430  -0.3594  -0.2214  -0.1220  -0.1180  -0.0007   0.0000  -0.0318   0.0028   -0.019
   121  -3.5935   3.1000   1.0431  -0.2431  -0.1383  -0.0836  -0.0785   0.0012   0.0000  -0.0006  -0.0190    0.243
   122  -3.5935   3.1000   1.0431  -0.0578  -0.0334  -0.0195  -0.0183  -0.0052   0.0000   0.0439  -0.0485
   123  -3.7560   3.1000   1.0430   0.1944   0.0759   0.0715   0.0692  -0.0284   0.0000   0.0929  -0.0772
   124  -4.0375   3.1000   1.0431   0.4835   0.1799   0.1731   0.1724  -0.0449   0.0000   0.1268  -0.0879   -0.486
 ---------------------------------------------------------------
